-6.775689273821936,-7.655747374385486
-7.079220635312883,-7.637270086365951
-7.0825372092778895,-7.613323281085388
-7.085570262598885,-7.589296542191724
-7.088318783895184,-7.565193074417643
-7.090781284423808,-7.541016107456084
-7.092956394096722,-7.5167689029379865
-7.094842742825897,-7.492454722494295
-7.0964391982345365,-7.46807686928383
-7.097744508488218,-7.443638659223677
-7.098757421752513,-7.419143408230928
-7.099476804847947,-7.394594464160679
-7.099901524059919,-7.3699952046655435
-7.100030444871147,-7.345349052094411
-7.099862553292225,-7.320659356442869
-7.099396833193255,-7.295929586896575
-6.972123716143079,-6.953222065442162
-6.980163752148315,-6.924429514920054
-6.988068390630221,-6.895222777181005
-6.89670058048144,-6.749290638778708
-6.834755761511271,-6.753792129038011
-6.776061361825338,-6.75816683048205
-6.762326031163846,-6.739635397569038
-6.768586511193097,-6.710016886397062
-6.773730560844735,-6.6804766295775355
-6.778725591517656,-6.650477349455251
-6.78357315938873,-6.62000542231247
-6.788270373143628,-6.589049231059573
-6.792814475641518,-6.557596326416935
-6.797202714022552,-6.52563402072478
-4.200499853748097,-5.9150499483897905
-4.20485838980227,-5.971816251969495
-4.455446248425313,-6.454095155555159
-4.458520751524362,-6.491877131841755
-4.461542146570782,-6.527962367265527
-4.464516416925279,-6.56247246313235
-4.467448572377812,-6.595516841955961
-4.470343608750954,-6.627195745403898
-4.473205802391668,-6.657599685099243
-4.476038970687911,-6.6868115337980845
-4.478846707238046,-6.714906708455604
-4.472304753317702,-6.729227438979229
-4.454398565958599,-6.728120510262689
-4.4362189754212995,-6.7271271251267635
-4.417758849227272,-6.726249420823656
-4.399010868621164,-6.725489948560082
-4.379967360488148,-6.724851074336181
-4.360620172812622,-6.724335274780205
-4.340961202471568,-6.723945623541005
-4.320981287544514,-6.7236844002675635
-4.30067154696225,-6.723554843480654
-4.280021975911847,-6.723559694606113
-4.259022738733279,-6.723702234635829
-4.338215866894208,-6.825688199076692
-4.314339744046696,-6.821533108452196
-4.289732200910688,-6.817352184688204
-4.264354428613824,-6.813142107803462
-4.238166048478169,-6.8089006622960255
-4.211122002714594,-6.80462393904864
-4.18317425164171,-6.8003080946218795
-4.154270590347108,-6.795948853088956
-4.124355592575736,-6.791542059514964
-4.093368182316857,-6.78708280174634
-4.061243171502289,-6.7825660937826235
-4.027908418709107,-6.777985751694052
-3.9932871244694144,-6.773336044427084
-3.957294049295416,-6.768609837457651
-3.919836925766112,-6.7637996315926445
-3.8808147909365447,-6.758897473408016
-3.840117041379192,-6.75389446136458
-3.7976217677337085,-6.748780537056045
-3.7531953885747513,-6.743544955547835
-3.7066900378626273,-6.738175701930985
-3.657942137873171,-6.732659286851161
-3.6067706038549705,-6.7269811315665615
-3.5529741144304237,-6.721124863171256
-3.4963276625753994,-6.715071835355738
-3.436579803545155,-6.708801675126004
-3.373448145986289,-6.702291069159276
-3.2850870595643853,-6.876334320491363
-3.2831853257703645,-7.079319317329855
-3.218972625761186,-7.085714919843087
-3.294356677647716,-8.196149851834438
-3.3788792752318093,-8.19354978757647
-3.4567891633516035,-8.191079082677499
-3.528860227260317,-8.188719324126428
-3.5957489728592873,-8.186455356223348
-3.658017321968386,-8.184274020752099
-3.7161485912872436,-8.18216402664066
-3.7705608545261353,-8.180115474555588
-3.8216173108719143,-8.178120102719676
-3.8696354808176365,-8.176170438614058
-3.91489399999661,-8.174259920986138
-3.9576375038348113,-8.172383106799739
-3.998083438508852,-8.170534839722464
-3.7778094797262596,-8.297048874367885
-3.8206687358334284,-8.295923311283438
-3.861572802974707,-8.294755720438902
-3.9006635473014084,-8.293546980356203
-3.938069841106623,-8.292297855433945
-3.973907799064867,-8.291009119418462
-4.0082838868061295,-8.289681074701228
-4.041294308911851,-8.28831443554195
-4.073027162898154,-8.286909889837094
-4.103562921327353,-8.285467809706669
-4.132975437431843,-8.28398868685364
-4.161332485750403,-8.282472903815988
-4.188695993016616,-8.280921155412942
-4.215123661138017,-8.27933370290613
-4.240668122163146,-8.277710954966498
-4.265378613364007,-8.276053140070962
-4.2892998299469705,-8.274361120498254
-4.31247409937066,-8.272634821791772
-4.334940341474229,-8.270874704441312
-4.356734739006176,-8.269080941325257
-4.377890904636761,-8.267254076466708
-4.399546656735365,-8.264426973761159
-4.4194950220149885,-8.262531263592228
-4.425954826998132,-8.272486307628597
-4.423647938302363,-8.290760107216455
-4.421378301083445,-8.309482457692063
-4.419147742899913,-8.328671097309778
-4.416956790583292,-8.348346483220444
-4.41480601343622,-8.368530027165724
-4.412695828393674,-8.389244986192882
-4.410626810841083,-8.410515752865598
-4.4085996232466,-8.432368509739103
-4.406614838516483,-8.454831106959377
-4.4046730506232095,-8.477933541163926
-4.4027748799567,-8.501707657506595
-4.408133168136452,-8.517280699582873
-4.428735582886213,-8.51389332333111
-4.448892112037513,-8.510464495989465
-4.468618845179691,-8.506994566119102
-4.487930798121197,-8.503483922611817
-4.506842448174677,-8.499933063917263
-4.512877672730083,-8.514326752713448
-4.509384876955875,-8.543173304405359
-4.5116449533141605,-8.564439309524644
-4.52674190969673,-8.566437455095787
-4.5417538755383955,-8.568271863964107
-4.556680945413596,-8.569943908955912
-4.571522666839002,-8.571455549215658
-4.586278832132891,-8.572808390598569
-4.600949172948266,-8.574004097484655
-4.615533329405083,-8.57504445183864
-4.630031064024105,-8.57593105898062
-4.64444207973106,-8.576665523160454
-4.65876598577814,-8.577249685402771
-4.673002671367895,-8.577684736002913
-4.687151713814513,-8.57797263464046
-4.701212727721412,-8.578114924364863
-4.715185572493621,-8.578112794936345
-4.729069823304839,-8.577968325224553
-4.742865128836982,-8.577682820433923
-4.756571190945532,-8.577257944409347
-4.770187779642967,-8.576694885305674
-4.783714444586446,-8.575995483077293
-4.797150951507465,-8.575161164259196
-4.810496949087942,-8.57419323405582
-4.823752047650316,-8.573093473896755
-4.836915954401294,-8.571863249651718
-4.8499883456798205,-8.570503986250337
-4.8629689286926014,-8.569017049562325
-4.875857346770331,-8.567404042767292
-4.888653247524679,-8.565666330664708
-4.901356337092108,-8.563805338719323
-4.913966259873555,-8.56182261051571
-4.926482725216215,-8.559719392733516
-4.938905377521029,-8.557497228957315
-4.951233941033949,-8.555157366134312
-4.963468061226158,-8.552701288254044
-4.975607414436601,-8.55013042024614
-4.987651707871983,-8.547446127980313
-4.999600634910498,-8.544649717463685
-5.011453863371468,-8.54174267308713
-5.023211110051468,-8.53872624166408
-5.034404474554207,-8.54008776981941
-5.045408945846734,-8.543557919560211
-5.056483296160577,-8.546907532307968
-5.067626359238566,-8.550135573675957
-5.07883696989378,-8.553240949682426
-5.090113933141781,-8.556222565810492
-5.101456048925049,-8.559079506294939
-5.1128621065682855,-8.561810616722845
-5.1243308794271885,-8.564414802008764
-5.135861124610308,-8.566891145618241
-5.147451587816314,-8.569238432740633
-5.159101002457225,-8.571455925258697
-5.170808089743088,-8.573542527150519
-5.1825715493279025,-8.575497201621326
-5.194390086174563,-8.577319031200203
-5.206262377588934,-8.579006978691028
-5.218187082767389,-8.580560185415239
-5.2301628694259215,-8.581977733233009
-5.242188370174122,-8.58325858414554
-5.254262229309604,-8.584401879206702
-5.266383047503945,-8.585406699072648
-5.278549454156003,-8.586272184529683
-5.290760017999348,-8.58699753488891
-5.3030133418460546,-8.587581711616407
-5.315307994429693,-8.588023914023275
-5.321078370377715,-8.556422832866518
-5.320085270248325,-8.497304498194076
-5.319179212847172,-8.444870544357977
-5.318344830013149,-8.398030648703273
-5.317569689325111,-8.355918571669463
-5.316843776008389,-8.317838017742153
-5.316158947800686,-8.283223280254493
-5.324627091445695,-8.282296398062615
-5.3332372475680225,-8.281700838839345
-5.341865458642251,-8.281002828881517
-5.350510656238724,-8.280202110544579
-5.359522054098747,-8.28029490955606
-5.368211182800536,-8.279285316824398
-5.376914007708688,-8.278171168196405
-5.385629475292302,-8.276952206295096
-5.394356522472945,-8.27562787550074
-5.3880788834880775,-8.238612840451458
-5.398227288839576,-8.241472487310816
-5.408539356755791,-8.244296085601714
-5.41946420789591,-8.248038732978562
-5.430130567695119,-8.250790718418365
-5.440972813632129,-8.253504847923585
-5.451995278119709,-8.256180543541593
-5.46320261920283,-8.258817352396168
-5.4745994162363605,-8.261414224055379
-5.486190713562758,-8.263970772194632
-5.49798176945833,-8.266486316260021
-5.509977905005154,-8.26895999798278
-5.522184883967092,-8.271391205501114
-5.534608620165842,-8.273779270033812
-5.547255357336286,-8.276123409495934
-5.560131637188484,-8.278422847153768
-5.573244269610155,-8.280676811089705
-5.586600480584022,-8.282884596472881
-5.600207856873755,-8.2850453261088
-5.614074224693411,-8.287158067488907
-5.628207943401634,-8.28922207652196
-5.642617792733047,-8.291236437823326
-5.657312911062733,-8.2932001828348
-5.672302973121095,-8.29511235263039
-5.6867608068994375,-8.295965157296248
-5.702344812034096,-8.297764115069953
-5.718255292361107,-8.299508427419926
-6.014864776480903,-8.614083600151346
-6.039166774390725,-8.616479849284246
-6.0640022958056745,-8.61879113155657
-6.089392235376502,-8.621015795322837
-6.115358150791058,-8.62315178354501
-6.141922971493258,-8.625197004205647
-6.169111471162379,-8.62714957725001
-6.196949561134598,-8.629007344982835
-6.225464471328591,-8.630767756088996
-6.254685572803326,-8.63242853616233
-6.284644029820063,-8.63398714492884
-6.315372679582037,-8.63544083370125
-6.346906747374878,-8.636786658221933
-6.379283958264976,-8.638021897968661
-6.2297728854158985,-8.494827753318818
-6.264172315534844,-8.499602481460277
-6.2999051623686695,-8.504452185735971
-6.337059287586731,-8.509384047760745
-6.375731005721217,-8.514405937479543
-6.416025082026664,-8.519526532357476
-6.458056994950806,-8.524755477239205
-6.501953296915535,-8.5301032119853
-6.547853634126628,-8.535581365430787
-6.5959121725736205,-8.541203019451155
-6.646299039013113,-8.546982138697896
-6.65390228163708,-8.52618632891109
-6.654410273707213,-8.501431511125613
-6.654682728409661,-8.476879265265481
-6.654723357760544,-8.452528704165312
-6.654535403437165,-8.428378574527553
-6.654121749546618,-8.404427616633177
-6.653485396175328,-8.380674751688755
-6.6526293423394804,-8.357118960495898
-6.6515565891957475,-8.33375910466614
-6.650269896309925,-8.310594220315146
-6.702826764607415,-8.311159280450667
-6.77283698244248,-8.317781135368781
-6.7739106823061945,-8.294601529970354
-6.771616568535004,-8.2703046613588
-6.76910520524163,-8.246214448795264
-6.76637982233068,-8.222330294527582
-6.763442822867984,-8.198651168654912
-6.760297319708569,-8.175176352094528
-6.756946186257081,-8.15190518107776
-6.753391821298367,-8.12883686408391
-6.749637336082088,-8.105970771422804
-6.745685008597655,-8.083306198825806
-6.741537830369536,-8.060842544259774
-6.7371984348168645,-8.03857922906761
-6.732669099393927,-8.016515578778195
-6.727953050259479,-7.99465120422199
-6.7230520886426435,-7.972985392568399
-6.717969322047227,-7.951517722709873
-6.712708093681564,-7.930247926807434
-6.707270205309903,-7.909175262232968
-6.701657811183042,-7.888299275856249
-6.72780527259524,-7.872541833042072
-6.733385722190617,-7.853290815767304
-6.738742961008813,-7.833941047978045
-6.743875394628622,-7.814495004839417
-6.748781666741414,-7.794955180696281
-6.753460182257077,-7.775324087960657
-6.757909702585466,-7.755604305061067
-6.762128394122545,-7.7357983475779335
-6.766115256056301,-7.715908831742967
-6.7698688110819925,-7.69593835032716
-6.772410319108289,-7.675859970791503
-4.479519068627282,-6.776445973991227
-4.466273624629977,-6.778815303047127
-4.453178266351942,-6.781277218544089
-4.440230947589903,-6.783830949116588
-4.427430105428918,-6.78647455652257
-4.414773913761109,-6.7892068041468665
-4.4022609038097675,-6.792025938118248
-4.389889333598808,-6.794931084726104
-4.377657778984956,-6.79792049260082
-4.365564711416556,-6.800992941804628
-4.359190822362906,-6.783546195861416
-4.348683878438513,-6.780637909462918
-4.3381405254766285,-6.777858381151349
-4.327562368481262,-6.775207999374792
-4.316950990907657,-6.772687270769944
-4.306307968004202,-6.770296582117146
-4.295634889897099,-6.768036321030607
-4.284933365693786,-6.76590693588659
-4.274204996294851,-6.763908755204991
-4.263451382600884,-6.762042107505715
-4.252674154500151,-6.760307203536976
-4.241874906222279,-6.758704490841163
-4.231055278813893,-6.757234180791897
-4.220216873175582,-6.755896601909078
-4.209361340744386,-6.754691846752303
-4.198490293579252,-6.753620244466876
-4.187605366217762,-6.752682006061597
-4.176708196532983,-6.751877283034022
-4.165800422397977,-6.751206226881708
-4.154883685021289,-6.750668929590967
-4.143959616534887,-6.75026566173396
-4.133029872803071,-6.74999633702385
-4.122096087817537,-6.749861226137032
-4.111159911479435,-6.749860182754256
-4.100222991890325,-6.749993358946363
-4.089286972664371,-6.750260787136303
-4.078353497031764,-6.750662440027314
-4.0674242156616,-6.751198290739568
-4.056500779222976,-6.751868312393238
-4.045584822739234,-6.752672357835204
-4.034678011757282,-6.753610401019506
-4.023781971294018,-6.754682473326758
-4.01289836125704,-6.7558882499039745
-4.002028813334207,-6.757227643109276
-3.9911749592133816,-6.758700565300788
-3.980338470344489,-6.760306751970637
-3.9695209371174376,-6.7620460534640925
-3.9587240458599657,-6.763918206107153
-3.9479493787551316,-6.765922940388726
-3.9371986005818997,-6.76806011082343
-3.9264733150721023,-6.770329329711554
-3.915775167255525,-6.772730271366242
-3.8969418315980278,-6.743397519591995
-3.8849292993435967,-6.742513507629878
-3.8728516035866285,-6.741757895788997
-3.8607095736216537,-6.741131864815214
-3.8485040751697888,-6.740636478099644
-3.8362359275191222,-6.740273094921886
-3.8239060559020155,-6.740042782008535
-3.811515259857378,-6.739946718437716
-3.7990644877022297,-6.739986091626255
-3.7865545720665845,-6.74016202280877
-3.773986457931982,-6.740475758913332
-3.7613610341041994,-6.7409284840212855
-3.7486792224801158,-6.741521324370474
-3.735941938285649,-6.742255525221225
-3.723150080333019,-6.743132092121149
-3.7103046166884255,-6.744152392688548
-3.6974065287599935,-6.745317556496744
-3.684456708688981,-6.746628708115837
-3.6714561609681713,-6.748087097809377
-3.6889469024142203,-6.807793244638846
-3.673609322375507,-6.8037235738561606
-3.6579843847081794,-6.799686928890053
-3.642063516193814,-6.7956834262114505
-3.625837677266766,-6.791713514342639
-3.6092976003228534,-6.787777449930247
-3.5924333002874786,-6.783875509106377
-3.5752343159960867,-6.78000794131928
-3.557689882056935,-6.776175098362296
-3.539788413262782,-6.772377047287051
-3.5215178283035398,-6.768614185528789
-3.5028654540921558,-6.764886817656703
-3.4838178505663597,-6.76119508585624
-3.4643608601934615,-6.757539151798324
-3.4444794822769036,-6.753919308990875
-3.424158121007682,-6.750335817587008
-3.403380049863142,-6.746788874365693
-3.3821276529874407,-6.743278566562448
-3.3603824051786595,-6.7398052289367945
-3.3381244819939386,-6.73636894433394
-3.31533309346858,-6.732969980276372
-3.291986031374456,-6.729608345701307
-3.2680598177344136,-6.726284336568323
-3.2435293215983734,-6.722997917398554
-3.218368145602711,-6.719749280224256
-3.1925479285127283,-6.716538507006815
-3.2058106303494767,-6.751758514475449
-3.221125433031166,-6.787765023168234
-3.2187444094162174,-6.806314598363933
-3.2168031242093718,-6.824902490864912
-3.2198648469713844,-6.8475090922624595
-3.2248990298913083,-6.8712441597949
-3.235731965188581,-6.89919130392927
-3.2337201585721327,-6.915883587260336
-3.2301017633841735,-6.93102381594873
-3.183551582599595,-6.912825727100357
-3.1809232950249,-6.929148013823443
-3.132644953044436,-6.911757612145777
-3.1327924940958134,-6.930459713483113
-3.0815997088539824,-6.913085953394256
-3.037191155062051,-6.901853549577014
-3.2008332939265807,-7.029292481608108
-3.195521737504831,-7.042068146604901
-3.1376285629525924,-7.021870441762489
-3.132265572146874,-7.035371004621327
-3.0725486034772342,-7.0166189346350505
-3.065916009184155,-7.0301504227771785
-3.0082022466855087,-7.0150777743465165
-2.9506342539392376,-7.001696785004679
-2.944953691559522,-7.017273940290311
-2.8846219717992994,-7.004805751974924
-2.823811674942839,-6.993727139702855
-2.7648245040663735,-6.985144070027663
-2.7057478607377705,-6.9780593651634275
-2.6457610868907744,-6.972086152266244
-2.5847192200040756,-6.967182099425829
-2.5228759369419183,-6.9634821344437485
-2.461687631090657,-6.961597706576865
-2.402046554183775,-6.9618355268946885
-2.3390188765881796,-6.962242381145112
-2.604093763093356,-8.173925572354936
-2.6667495461926873,-8.172195379053797
-2.7251540304464754,-8.17051119211826
-2.7797444836128546,-8.168865939149725
-2.830900587803808,-8.167253200576825
-2.878953015775363,-8.165667570942205
-2.9241912174216216,-8.164104199846369
-2.662828531588761,-8.29928923110204
-2.711013352644513,-8.298626314494472
-2.758734015105724,-8.2969888979014
-2.8040474244551437,-8.295344791513847
-2.8471443567238612,-8.293692211007933
-2.888195875851635,-8.292029580598438
-2.9273560945525103,-8.290355269892213
-2.964763344526836,-8.28866801766527
-3.0005428149689104,-8.286966721556471
-3.034808235559242,-8.28525023390478
-3.067662329206136,-8.283517805011815
-3.0991993615501903,-8.28176833056339
-3.1295043172858974,-8.28000120093692
-3.1586556777046733,-8.27821574049862
-3.186724812240486,-8.276411412293669
-3.213777605286347,-8.274587551036731
-3.2398742576476955,-8.272743710172975
-3.2650703082399968,-8.270879540047526
-3.289417070680342,-8.268994454186354
-3.312961831306658,-8.267088356773144
-3.335748315788629,-8.265160773328988
-3.3578169433226757,-8.26321164103597
-3.3792055279523723,-8.261240512270025
-3.399948940986457,-8.259247252058488
-3.420079729459643,-8.257231654856175
-3.439627980432725,-8.255193735430652
-3.4586221941757773,-8.253133061424025
-3.477088202431893,-8.251049946385912
-3.4950511661704797,-8.24894389019398
-3.512533700191937,-8.246815085793115
-3.5295576589924043,-8.244663444721974
-3.5461431117306823,-8.242488778454785
-3.562308973503554,-8.24029125167035
-3.578073094876362,-8.23807084998632
-3.593452255212042,-8.235827498981696
-3.608462208840446,-8.233561305577275
-3.6231178240937196,-8.231272207639151
-3.6374330368732712,-8.2289602698672
-3.651421062274611,-8.226625635958008
-3.6650943153269266,-8.224268345067934
-3.6784646423671004,-8.221888464177503
-3.6566687163831806,-8.26583664882278
-3.667491354101057,-8.267307903670096
-3.6782378181178603,-8.268665701148398
-3.6889084152051366,-8.26991149120819
-3.6995034487989518,-8.271046783311212
-3.7100233249441628,-8.27207285387745
-3.720468347076836,-8.272991212368652
-3.730838841981404,-8.273802951667845
-3.7411350238270655,-8.274509576233553
-3.7513572060563294,-8.275112416993787
-3.7615056195158,-8.275612680850843
-3.771580554563325,-8.276011578042503
-3.781582142772199,-8.276310489001578
-3.7915107142623348,-8.276510447099852
-3.8013662715780954,-8.276613004632914
-3.8111492143570804,-8.27661901977429
-3.820859584905718,-8.276529867953577
-3.830497597656913,-8.27634651636035
-3.840063351092856,-8.276070403270927
-3.8495570116775375,-8.27570255288452
-3.858978764088241,-8.275243930722969
-3.8683286390890625,-8.274695851870748
-3.877606770052891,-8.274059398370575
-3.8868132903526127,-8.27333565226517
-3.8959482805208325,-8.272525573239276
-3.9050118226260424,-8.271630359856495
-3.914003954103302,-8.270651208178807
-3.922924897856071,-8.269588667983214
-3.9317745522840335,-8.268444285728203
-3.9405530823152928,-8.26721884673414
-3.94926043278256,-8.265913601571036
-3.9578967752848997,-8.264529216536763
-3.9664620777396835,-8.263067062891563
-3.9749564481313078,-8.261527743669648
-3.9833798428348137,-8.259912569786142
-3.9917323308404735,-8.258222440580678
-4.0000139547184235,-8.256458194213904
-4.008224710605767,-8.254620964734947
-4.016364644408122,-8.252711530793214
-4.024433730713817,-8.250731144626451
-4.0324320328738175,-8.248680406767264
-4.039546681309124,-8.252250634374375
-4.046892557786657,-8.254527028419732
-4.054280575143805,-8.256720117468667
-4.061709848030542,-8.258829254917249
-4.069179491096838,-8.26085379416154
-4.076688596514024,-8.262793206734107
-4.084236264600153,-8.264646785529555
-4.09182158637464,-8.266413822921312
-4.09944363076224,-8.26809378913902
-4.107101466303735,-8.269686094692617
-4.114794150381548,-8.271190149466632
-4.122520738518375,-8.27260536324136
-4.130280266709788,-8.273931144702644
-4.138071775600671,-8.27516690279691
-4.145894288390562,-8.276312224587384
-4.153746829694619,-8.277366339027486
-4.1616284011636075,-8.278328951369058
-4.169538012918847,-8.279199349451364
-4.177474655068771,-8.27997717818113
-4.18543730874702,-8.280661843169307
-4.193424981507378,-8.281252811205821
-4.201436618824844,-8.281749724695791
-4.209471198497579,-8.282152048761409
-4.217527676007026,-8.28245924727406
-4.2256049893892795,-8.282670962221925
-4.233702101564688,-8.282786657893327
-4.2418179777574325,-8.282806156894857
-4.2499514826462015,-8.282728679215829
-4.258101592997505,-8.282554107807954
-4.266267193239211,-8.282281842862018
-4.274447218839878,-8.281911705316874
-4.282640554227374,-8.281443095363315
-4.290846119992444,-8.280875833106318
-4.299062816976655,-8.280209558449394
-4.307289508059104,-8.27944378977195
-4.315525072532584,-8.278578285166114
-4.323768393025369,-8.277612743212767
-4.3320183521657345,-8.276546862492793
-4.3402737730707095,-8.275380338251596
-4.348533553246382,-8.274112869903922
-4.356435820382968,-8.271752766291414
-4.353492216550412,-8.24065379249055
-4.363025079346094,-8.243415369366627
-4.372702207526877,-8.246137452557683
-4.382526557169522,-8.248819491367346
-4.392501295975631,-8.251460887262192
-4.402629588575027,-8.254060563951091
-4.412914943059373,-8.256618240469722
-4.422895573030715,-8.258162892887972
-4.433488079083006,-8.260628357825633
-4.4442482282621185,-8.263049430739965
-4.4551800347690005,-8.26542532174929
-4.4662884906135405,-8.26775696732545
-4.644089940149801,-8.568766930249918
-4.661010864775516,-8.572066526008042
-4.6782112340800595,-8.575294803791902
-4.695698170454732,-8.578450371850916
-4.713479388067806,-8.581531931300553
-4.731562839132527,-8.584538196598206
-4.749956730584531,-8.587467597986969
-4.768669910641215,-8.590318840445205
-4.787711419395637,-8.593090400912743
-4.807090776366296,-8.595780723502013
-4.826818096184135,-8.598388285680258
-4.846903804378242,-8.600911343547144
-4.867359027270725,-8.603348431273087
-4.888195222094717,-8.605697504593467
-4.909424596381171,-8.607956979183621
-4.931059966115408,-8.610125066028722
-4.9531146500565555,-8.612199526707835
-4.975602846290487,-8.614178410877212
-4.998539467038013,-8.616059808218887
-5.021940162003246,-8.617841431861942
-5.045821420718689,-8.61952092260971
-5.070200684896757,-8.621095974633217
-5.095096305595943,-8.622564034579485
-5.120527767923866,-8.623922552958422
-5.146515462998745,-8.625168792267178
-5.173081279726357,-8.626299919856192
-5.200247960182788,-8.627312792705169
-5.228039803742932,-8.628204175982583
-5.246545570899203,-8.620278836405758
-5.131785192980336,-8.498358575804358
-5.162726059558962,-8.503019390897508
-5.194782452659751,-8.50773974401303
-5.228023295255678,-8.51252546817994
-5.262523101041243,-8.51738276947371
-5.298362582886831,-8.522318022326102
-5.335630616182387,-8.527338954133928
-5.362026989251749,-8.523594286684474
-5.3630216090157825,-8.501585760583241
-5.363813014398132,-8.479788160805224
-5.364407434594016,-8.458201120105512
-5.3648077705592625,-8.436821875865236
-5.365016903236807,-8.415648022533002
-5.365037825921116,-8.394677280250866
-5.364873531906655,-8.373907369160877
-5.364526545068896,-8.353335863698758
-5.363999712995965,-8.332960953425557
-5.363295552892372,-8.31278033179948
-5.362416796659236,-8.292792122199373
-5.40431816384359,-8.294987659558313
-5.456506760276403,-8.30124280591457
-5.509762297060478,-8.306662637366896
-5.566531616773659,-8.312358210627044
-5.627196141194554,-8.318362365641917
-5.6921943361741745,-8.32471269171252
-4.384334290861513,-6.773648810970631
-4.3456319703144395,-6.77769433837345
-4.308446215668024,-6.781687670788954
-4.272681135338312,-6.785634376533846
-4.238248405216959,-6.789539620279607
-4.20506779688508,-6.7934075480385445
-4.173064345360094,-6.797243031151309
-4.142170447514771,-6.801049384461303
-4.112322639678827,-6.8048304973000695
-4.083463029775533,-6.808589394691741
-4.055537537597315,-6.812329290815458
-4.028496561088204,-6.816052745975323
-4.002293661362652,-6.819762397287135
-3.9768859528507763,-6.823460571680519
-3.952233554171332,-6.827149420820158
-4.004041952709587,-6.7561696250236976
-3.983906889415732,-6.754842623118856
-3.9640698220751283,-6.753674188424601
-3.944523406051948,-6.75266049684646
-3.925260010948938,-6.751798299142275
-3.9062726004696153,-6.751084394191015
-3.887554109444826,-6.7505159373321035
-3.8690982241232352,-6.750089666369695
-3.8508987801110703,-6.749802690004739
-3.8329494605096186,-6.749652523184504
-3.815244764060179,-6.7496362087230155
-3.7977789535284754,-6.749751487918887
-3.780547071970722,-6.749995328075002
-3.763543907219114,-6.750365632619134
-3.7467645874652367,-6.7508597943489255
-3.7302045636763563,-6.75147565080523
-3.7138592370338857,-6.752210915896635
-3.697724222298986,-6.7530636198305585
-3.681795494673025,-6.754031403410495
-3.6660691538220056,-6.7551122165206055
-3.650541354009894,-6.7563040732672395
-3.6352084277308894,-6.75760500219308
-3.620066752452931,-6.759013214883155
-3.605113081352869,-6.760526714154856
-3.5903440295389513,-6.762143730841656
-3.5757565782041123,-6.763862405829545
-3.5613475953656115,-6.7656811698367365
-3.547114215553688,-6.767598116369422
-3.5330535893996515,-6.769611878436603
-3.5191630938861604,-6.771720509382841
-3.5054399936525673,-6.773922711251439
-3.4918818888855028,-6.776216734865639
-3.4784863605231524,-6.778601068688992
-3.4652510143966273,-6.781074263001184
-3.4521735358279306,-6.783634994120219
-3.439251846947006,-6.786281598746033
-3.426483885152501,-6.789012594214849
-3.4138674750835705,-6.791826967128366
-3.4014008057993226,-6.7947228964077615
-3.3890818259873625,-6.797699498302142
-3.376908833902728,-6.800755080177065
-3.3716159383874036,-6.781270006644415
-3.3611475512785787,-6.7784374482748255
-3.3506476704048813,-6.775734018234625
-3.3401178613414984,-6.773160321731451
-3.3295597430130304,-6.770716489895349
-3.318974910283518,-6.768402950906753
-3.3083649921179696,-6.766219896508817
-3.297731563299611,-6.76416763365576
-3.28707626764597,-6.762246355293766
-3.276400658077678,-6.7604565460057735
-3.265706422137451,-6.758798043480528
-3.2549951398368115,-6.757271274695437
-3.2442684349124726,-6.755876311370468
-3.23352792409107,-6.754613404057338
-3.2227752481597993,-6.753482506257377
-3.2120120116069253,-6.752483927330864
-3.181488816760417,-6.963167388978036
-3.171922138266988,-6.979755809786429
-3.1654660552992864,-6.957239450497303
-3.1646823711657137,-6.824428619348529
-3.158094403192031,-6.749476484587347
-3.1473019624227825,-6.749272432967471
-3.1323357882183767,-6.963665387789247
-3.1241490622249706,-6.9678882838893275
-3.115955471574194,-6.950077488949207
-3.1041566547811206,-6.749779544813791
-3.0933845364695856,-6.750236791419098
-3.091053368935488,-6.951965870981997
-3.08355951182276,-6.967159257808152
-3.0754543909062186,-6.967707604629421
-3.0504014478772605,-6.753384050119782
-3.0470028984247057,-6.834652386809567
-3.0393098774763674,-6.855280577412962
-3.0420384092301225,-6.961515295401757
-3.0353632037283833,-6.974187631473563
-3.029798552835131,-6.992676593321725
-2.9991582525907208,-6.845006070012774
-2.9924690509044094,-6.864073105540937
-2.998242972583719,-6.95039136084599
-2.99387200276655,-6.9724956917185485
-2.987641836681775,-6.982932757310447
-2.9833424872500416,-7.001227778498454
-2.9793854681481795,-7.019153397039833
-2.916285758200852,-6.791827087012819
-2.9274975497038382,-6.878244821474057
-2.924068160167835,-6.902064353174823
-2.935516667044934,-6.976604021271604
-2.9296251265837356,-6.985983566271152
-2.9267395643232454,-7.004485133704062
-2.8734601442354246,-6.865331697255391
-2.876895512031582,-6.906437406380973
-2.8836701466723764,-6.9541133250167295
-2.880082740120674,-6.9698932433940355
-2.874102397768021,-6.978389049399824
-2.8701409788065857,-6.9916476508909575
-2.8246393505985665,-6.901832016678179
-2.8316694046522937,-6.943395491454439
-2.8286889300965177,-6.959403252207621
-2.822333105907557,-6.967091725197504
-2.8204089664060965,-6.984070324208322
-2.7747398113901083,-6.9089321496894796
-2.780510897921936,-6.94269011407349
-2.776378114854852,-6.955245223506711
-2.7723073448510895,-6.967427121839849
-2.7253814244296337,-6.899944746831467
-2.7306581059500656,-6.930297488537523
-2.7284810473135646,-6.94621179516672
-2.723096734876453,-6.956071893840105
-2.722558018372654,-6.973651334250693
-2.6816853046973397,-6.925826963968571
-2.680054199336052,-6.942111759833442
-2.674900119366603,-6.952467948931939
-2.67510993459096,-6.970508977089126
-2.633866186211305,-6.92813323647618
-2.6315254743688583,-6.9428719578050675
-2.6266794522993155,-6.953738315032373
-2.626214324455275,-6.970207312601394
-2.586598795848144,-6.93523966143825
-2.5826411069441586,-6.947543382058537
-2.581335276170686,-6.962844863931374
-2.541104193738214,-6.930778356972192
-2.53872681489916,-6.945146578462659
-2.587627782708909,-7.018002100334076
-2.5835811291537087,-7.028380893594565
-2.5357684630255806,-6.990778465052169
-2.5313932055740267,-7.001614303158765
-2.5233706749774836,-7.0084843233767495
-2.5216729985258706,-7.021792152969985
-2.4724921862090716,-6.9878108362097215
-2.464988489000249,-6.996093074976027
-2.461654713643944,-7.008293167484719
-2.4124119774255703,-6.978080444711482
-2.4047036421581933,-6.98699912251319
-2.402208669389846,-7.000473618524673
-2.3513599572246866,-6.972438729920693
-2.3431922243309544,-6.981764390605448
-2.2953914447557455,-6.958909388384567
-2.2881039962371945,-6.969755540113831
-2.2857115058325483,-6.984350195621775
-2.2323844376896,-6.960382659210357
-2.2282647733067633,-6.974259391314438
-2.1751939198252517,-6.952983986725236
-2.1715908000048345,-6.967834598488201
-2.116634104991798,-6.947670971670513
-2.1157371364352096,-6.964903677693077
-2.0586187892313594,-6.945710247567955
-1.6575637885762193,-6.712853602816859
-1.6079988804004552,-6.707442486271545
-1.5560111144673228,-6.701883799583518
-1.5014025686021373,-6.696162587801757
-1.4439524075889092,-6.690261800859761
-1.3854468520535959,-6.685268206320948
-1.2325882902345189,-8.262148905702391
-1.3182743295667803,-8.25805989982624
-1.3974102010629714,-8.254204823145116
-1.470745464575543,-8.250553791917504
-1.5389198864149518,-8.247081364684426
-1.6024827859395134,-8.243765418315972
-1.6552401573619417,-8.24338851677317
-1.6526186788741664,-8.265778910205936
-1.6501819506407398,-8.288391175564515
-1.647933179323183,-8.311227067579095
-1.6458750529933934,-8.334288837173665
-1.6440106450564016,-8.35757840768442
-1.642342743155812,-8.381098277299884
-1.640874396636096,-8.404850666406638
-1.6396085263973479,-8.428837904587196
-1.6385482572951868,-8.453062756543058
-1.6376965054175947,-8.477527611266813
-1.6721298289335573,-8.481554566645821
-1.7176197674083236,-8.478085196100118
-1.7611578602696796,-8.474655427792996
-1.8028777580032167,-8.471260120619045
-1.8429018361335743,-8.46789453581752
-1.8813411952244414,-8.46455433697235
-1.918297333984938,-8.461235605931114
-1.9538632330873364,-8.457934751192816
-1.988123692379079,-8.454648774420875
-1.8576125392179403,-8.573960362290503
-1.8882619603325592,-8.57480391725666
-1.9181787276361626,-8.575481924018675
-1.9473935418843589,-8.575999261277788
-1.975935173837617,-8.576361010208121
-2.0038307692711443,-8.576571641964044
-2.0311058008537652,-8.576635611780954
-2.057784710369811,-8.576556812995618
-2.0838899999842524,-8.576339460237836
-2.1094434669006246,-8.575986873838886
-2.1344651084364363,-8.575503185140022
-2.158974602280895,-8.574891303596186
-2.182989983554232,-8.574154484015907
-2.206528555207305,-8.573296161102688
-2.229606796409383,-8.572318865637271
-2.252240187647382,-8.571225645507383
-2.2744435847700433,-8.570019139207055
-2.2962308834406477,-8.568702027056682
-2.572449338697762,-8.268800511205246
-2.5867720364155606,-8.267755026693546
-2.6008368878956816,-8.266638903614806
-2.613874427586189,-8.266435058184161
-2.6274667632806548,-8.265181334606876
-2.6408233936298395,-8.26386121762976
-2.653950954978663,-8.262476201582684
-2.666856107732605,-8.261027483745137
-2.6795449037600396,-8.25951639150571
-2.6920233250626713,-8.25794400739453
-2.7042969683090723,-8.256311741529508
-2.7163712559173265,-8.254620571315629
-2.7282512546774247,-8.25287180415172
-2.739942104393401,-8.251066215151974
-2.7514483371645513,-8.249205068406216
-2.762774568560809,-8.247289335765995
-2.773925087396681,-8.245319962616243
-2.7849039850079986,-8.243298117545873
-2.795715361522447,-8.241224491457114
-2.8063629269224672,-8.239100162250073
-2.8168504104389465,-8.236925970184545
-2.8271812691453153,-8.2347027932759
-2.8373588858524053,-8.232431503524364
-2.8353304604071963,-8.25679142198126
-2.8437022685709645,-8.258774535849266
-2.852077033451903,-8.260653777667873
-2.860453557640431,-8.262429349448258
-2.8688306834724124,-8.264101516220757
-2.877207243243304,-8.265670482402605
-2.885582015066782,-8.267136567622105
-2.8939539103130114,-8.26849992290155
-2.902321682618925,-8.26976098548637
-2.9106842975364695,-8.27091979118779
-2.9190404842258344,-8.271976894868365
-2.927389183762224,-8.272932449956448
-2.9357292240451667,-8.273786899712606
-2.944059462263046,-8.274540510370205
-2.952378822440583,-8.275193553576237
-2.960686142517714,-8.275746533204376
-2.9689803390929,-8.276199720300097
-2.9772602820090803,-8.276553501721464
-2.985524895707158,-8.276808328548729
-2.993773057456333,-8.276964588241462
-3.0020037161742517,-8.277022614262794
-3.0102157692109275,-8.276982915298507
-3.0184081580577486,-8.276845824210213
-3.026579796432413,-8.27661197060915
-3.034729649204069,-8.276281629450635
-3.042856653468177,-8.275855372439617
-3.0509597681827914,-8.275333593652324
-3.0590379451251906,-8.274716925782753
-3.067090171272603,-8.27400570537679
-3.07511541418311,-8.27320056640665
-3.083112666232933,-8.272301905655375
-3.091080918187216,-8.271310358974908
-3.099019171534306,-8.270226383686213
-3.1069264298646004,-8.269050676479903
-3.11480171525936,-8.26778363654508
-3.122644056543309,-8.266425902816449
-3.1304524847391337,-8.264977994807047
-3.1382260424250936,-8.263440612365441
-3.1459637754763965,-8.261814276207698
-3.1536647461359317,-8.260099627975336
-3.1613280251718336,-8.258297250200549
-3.1681660680161894,-8.246434876864463
-3.1760450241526073,-8.249030726143815
-3.183998532144898,-8.251559897375262
-3.1920266047646613,-8.254021494595536
-3.2001292844885376,-8.256414624247427
-3.2083066037527566,-8.258738332160613
-3.2165585674864765,-8.260991542337056
-3.2248852775764134,-8.263173366031657
-3.2332866921962027,-8.265282843058955
-3.2417629228567826,-8.2673189658537
-3.250313967061052,-8.269280657816335
-3.258939911843207,-8.27116702899873
-3.2676407944515913,-8.272977065820493
-3.2764166569466604,-8.274709695291152
-3.2852676060272414,-8.27636396925553
-3.294193673713383,-8.27793875411005
-3.3031949369988736,-8.279433099293481
-3.3122714825017265,-8.280845935424432
-3.3214234265449933,-8.282176195527574
-3.33065081118913,-8.283422806612434
-3.3399537925026332,-8.284584764722844
-3.3493323575318095,-8.285660753212882
-3.358786781581494,-8.286649957183862
-3.368317081403032,-8.287551062395918
-3.3779234231053277,-8.288363125505988
-3.3876059671528074,-8.289084903714564
-3.3973648049755956,-8.289715268230179
-3.407200097038118,-8.29025297625333
-3.4171120439664304,-8.290697027436927
-3.427100840742108,-8.291046121977445
-3.4371666430174646,-8.291299076485451
-3.447309665854892,-8.291454712383631
-3.457530129128892,-8.291511791684588
-3.467828252713967,-8.291469076400926
-3.4782042612967325,-8.291325269135173
-3.4886584293496563,-8.291079196122126
-3.499191050593653,-8.290729445956266
-3.5098023794203757,-8.290274723646181
-3.520492729631555,-8.289713739012566
-3.5312623652430677,-8.289045078243849
-3.542111718876798,-8.288267460784947
-3.518653841153057,-8.235105487772591
-3.5314885810279044,-8.238178752434276
-3.5446070663439584,-8.241242110060714
-3.558019667307046,-8.244295623222305
-3.5717374381712483,-8.247339768695253
-3.5857722649317254,-8.250375090625335
-3.600136315365319,-8.253401976582587
-3.6148428764161133,-8.256421024387338
-3.6299058387531855,-8.259432761160872
-3.64533981077865,-8.26243771235974
-3.661160683855758,-8.26543680635734
-3.677384972321202,-8.268430663187724
-3.6940302695172864,-8.271419870682807
-3.7111154373111157,-8.274405597821575
-3.7286605738924545,-8.277388515724486
-3.7466870459758694,-8.28036987665907
-3.765217511196551,-8.283350499256512
-3.784276554037452,-8.286331776818233
-3.803890144661743,-8.289314975683912
-3.824086054783357,-8.292301268916276
-3.844894349048671,-8.295292314300799
-3.866347007662867,-8.298289745380304
-3.8884787485067824,-8.30129535764468
-3.911326164858428,-8.304310679888744
-3.9349297181276706,-8.30733821201754
-3.9593324724788115,-8.310380066756151
-3.9845806504344568,-8.313438493051436
-4.010724915836664,-8.316516278988871
-4.03781998203695,-8.319616421057379
-4.065924818999203,-8.322741782125211
-4.095103957173996,-8.325895974449518
-4.12542783267009,-8.329082789636127
-4.156972837040293,-8.33230632227183
-4.189822579329405,-8.335570892748478
-4.224068961932468,-8.338881792203972
-4.259810690348611,-8.342243009020343
-4.297161329255182,-8.345662605539735
-4.336242145544271,-8.349146576976905
-4.3752155498382175,-8.35156608188513
-4.224327360243287,-8.211575446877285
-4.264742167593186,-8.215055284727992
-4.307473427054337,-8.21865712079369
-4.352746097939927,-8.222397292688138
-4.400809246177333,-8.22629130992546
-4.449792924017791,-8.229383910344826
-3.88440932188166,-6.716605999932972
-3.823004595477735,-6.721609279894002
-3.764827323299197,-6.726458152318427
-3.7096132855335946,-6.731168056899042
-3.6571253217110526,-6.735753219434415
-3.607152543200117,-6.740225829285463
-3.176058363809883,-6.975772533500368
-3.1723094661359523,-6.960644982580267
-3.120496973773262,-6.975988214179845
-3.114142369248305,-6.9631141441803335
-3.0640375304647813,-6.979585437237414
-3.056690834289862,-6.968072776131715
-3.0066917583385977,-6.986749509024153
-2.9999000829409157,-6.975591334253036
-2.948591251630129,-6.997595110112415
-2.944200081831551,-6.985387566261722
-2.891446706401166,-7.011000931385809
-2.889976927784497,-6.997157651185267
-2.882114874946108,-6.988348263143529
-2.8307946073144428,-7.016312469481577
-2.829206949761935,-7.003012280315627
-2.8214463751919734,-6.994952106213955
-2.7708223813072204,-7.025957780545912
-2.7697774263297292,-7.012625819806088
-2.7620435269709844,-7.005412080292703
-2.758018617511564,-6.994581157535187
-2.7096002997088395,-7.028209429091426
-2.7568870322337933,-6.9652901252963355
-2.7550729278195787,-6.951423358216538
-2.714069259871345,-6.97964334862198
-2.713099883545731,-6.965242170521143
-2.7098772135158873,-6.9530292327437815
-2.6676477132643326,-6.986007324644891
-2.669199801532889,-6.968687997135078
-2.6649347548799196,-6.957940147175937
-2.663506321870288,-6.943407466224185
-2.6209152045256006,-6.981481949557512
-2.621320517038535,-6.9650270560742245
-2.6168660596413256,-6.954607737249256
-2.6162816393912536,-6.938563545374817
-2.572983040969096,-6.9829596902789035
-2.573370009324676,-6.965993156223452
-2.5686266928589165,-6.956116539362983
-2.567660561585606,-6.940147924951107
-2.5264751454290004,-6.98746304679717
-2.5252391133834116,-6.972480505383442
-2.520559489659402,-6.962695466788851
-2.5177992150273316,-6.949303225021297
-2.532957724969628,-6.903578428476246
-2.4740935385901834,-6.990751226852426
-2.47389876012087,-6.972955987066656
-2.468679285072664,-6.964069963944546
-2.4672608616541774,-6.947281635145492
-2.483538242360628,-6.893189139013218
-2.4239189285275544,-6.997424370840231
-2.422729345272557,-6.980313473397214
-2.4172765132315357,-6.971968820891965
-2.415126875586749,-6.9555222188886585
-2.4322426931753793,-6.891300919300479
-2.4300026286192407,-6.871460401334369
-2.3702636083611615,-7.000623982874052
-2.367205934267162,-6.986158188762099
-2.3623724766738787,-6.975777767235943
-2.378957330439719,-6.901992101537246
-2.37597770997044,-6.882016650084113
-2.370979605689019,-6.866990828947162
-2.3161612715749627,-7.016643831969972
-2.313489603657246,-6.998873239758916
-2.3083991255906025,-6.988413567123769
-2.3033634012070507,-6.976893840783888
-2.3015950137952017,-6.951177892819649
-2.31153056612862,-6.872972390998654
-2.305242096483873,-6.859012785048217
-2.2664051076042036,-6.999310420619946
-2.262799736460154,-6.97858374203456
-2.257093238018925,-6.966635247816179
-2.2658512455823314,-6.868467257518513
-2.2592894805121504,-6.8516778406042285
-2.263415919319174,-6.758882783016106
-2.2247722844618183,-6.970027831140189
-2.2166058388983,-6.9726162961137685
-2.2101911561046714,-6.95983673081156
-2.2130235078884017,-6.847531359813311
-2.2116428345118386,-6.752624692317527
-2.2012451924934475,-6.751754702003708
-2.1782962834462047,-6.964115732031596
-2.1697764800511807,-6.97907437541965
-2.162919656343556,-6.9564758825300235
-2.159563331979955,-6.749551771728298
-2.1491278821315127,-6.749320877588397
-2.13889826451343,-6.8301162138457014
-2.1314087625775686,-6.96191801754665
-2.124220698361179,-6.985666870294398
-2.1155288582887097,-6.956591543779612
-2.096939246940896,-6.750087789401046
-2.091559446157304,-6.829486915128764
-2.0902326509076374,-6.93653297936984
-2.084419320797481,-6.963389676242857
-2.078992117982829,-6.9876634489788145
-2.0682752226979932,-6.960199582796774
-2.0344953018276293,-6.755231427791199
-2.0241292952621794,-6.75653534808162
-2.0137792820329317,-6.757966491452684
-2.003446808314895,-6.759524710061644
-1.9931334307876287,-6.761209677560635
-1.9828407105015682,-6.763021246982293
-1.972570204136274,-6.764959091978749
-1.9623234578667543,-6.76702306470726
-1.9521020091262693,-6.769212658564082
-1.948426003501854,-6.798664704032024
-1.9371200533952369,-6.795208936622156
-1.9256773498741009,-6.7918238164659055
-1.9140964114812806,-6.788510928200762
-1.9023755983942416,-6.785271250067223
-1.8905132270335259,-6.78210599656185
-1.8785076330659753,-6.779016562437086
-1.866357040158055,-6.77600421643892
-1.8540595074771804,-6.773069978801967
-1.8416132114313755,-6.770215414029993
-1.829016197181986,-6.767441780364437
-1.8162663873854274,-6.7647503885454086
-1.803361720442898,-6.762142789070604
-1.7902999475087296,-6.759620163172167
-1.7770787987281482,-6.757184049092481
-1.7636960602465688,-6.754836048077152
-1.7501491227065673,-6.752577379850925
-1.736435586745405,-6.750409754158269
-1.7225527397470282,-6.748334623478476
-1.7084979443418717,-6.746353683549941
-1.6942683356580994,-6.744468437599872
-1.6798610383193209,-6.742680567360594
-1.6652730211918452,-6.740991864814052
-1.6505009696395208,-6.7394038664277724
-1.635541838522586,-6.737918602190529
-1.6203920716965465,-6.7365376540654855
-1.6050482040081784,-6.735263087032495
-1.5895064903033158,-6.734096651055288
-1.5737632169173572,-6.733040575612766
-1.5578142326887454,-6.732096407652919
-1.5416555124382756,-6.731266597153883
-1.5252825899882718,-6.7305529710645935
-1.5086912511498578,-6.729958147363751
-1.4918764382298115,-6.729483858483407
-1.4748337410265502,-6.729133009406244
-1.4575575593284593,-6.728907420054066
-1.4408747963946111,-6.729843855233266
-1.4231351421809941,-6.729874305080048
-1.1427261164897584,-6.419790930036916
-1.117976456472297,-6.420200106883588
-1.0928715803110092,-6.420797237951251
-1.431330903660394,-6.821043498378085
-1.4099309554136146,-6.817069733923876
-1.3888074448740022,-6.81400624140613
-1.3661867830471133,-6.810005899677762
-1.3428972165380653,-6.8059872715223175
-1.0256806039024613,-6.5173066704663825
-0.9921303566656949,-6.511798941480871
-0.9575239325065021,-6.506255808361191
-0.921804377811491,-6.500673083629561
-0.8849096428296332,-6.495045921667441
-0.8467738276824857,-6.489369966779639
-0.807324788338054,-6.483639421079381
-0.7664853546088741,-6.477848668566062
-0.7241713561152429,-6.471991323049755
-0.6802914892757367,-6.466060459155008
-0.6347471913007627,-6.460048724321214
-0.5874307571470633,-6.453947869743815
-0.5382243734843439,-6.447748932356841
-0.45914527622524187,-6.540986331294175
-0.46242949287862894,-6.57159861336236
-0.46590217927958694,-6.601786239133228
-0.4695598281121202,-6.631558077790259
-0.4733989530693387,-6.660922641506689
-0.4774164458636957,-6.689888106454626
-0.43341199145752096,-6.692860159843226
-0.3674256574299566,-6.685533632756463
-0.17171174650280804,-7.823388405392042
-0.17631861899969836,-7.847320260451993
-0.18023637893789674,-7.871308349346288
-0.18542360570019287,-7.895090128418258
-0.2232698935968698,-7.986449893983196
-0.21556585146127633,-8.012652643624332
-0.2071177416525813,-8.039352380050314
-0.1998015673602995,-8.066137416409203
-0.2984117125060968,-8.264481114382237
-0.37776009465495664,-8.260420744188796
-0.4514460296013174,-8.256567389817006
-0.520078347252724,-8.25289585796042
-0.5841826939385606,-8.24938418043514
-0.6442129952543554,-8.246013631952424
-0.700565253502794,-8.242767631413145
-0.753585062416303,-8.23963188559048
-0.803575874416801,-8.236593920312046
-0.8508051223125068,-8.233642545089099
-0.8955100644712269,-8.230767958258443
-0.9379005359049173,-8.227961670045412
-0.9781644854539796,-8.225215753672778
-1.016469134307729,-8.222523450906465
-1.0529653231545657,-8.219878353134108
-1.0877874561576926,-8.21727535339234
-1.1210583136384766,-8.2147090189321
-1.1528874699928175,-8.21217511022675
-1.1833750563288057,-8.209669548530346
-1.2126121734771522,-8.20718849988996
-1.2406807379725961,-8.204728963159708
-1.2676567791824718,-8.202287531041758
-1.2936090532357796,-8.199861622090475
-1.3186005760855735,-8.19744879472818
-1.342689397031144,-8.195046792764884
-1.3659291622455136,-8.192653100898287
-1.281838980680127,-8.27384578016729
-1.3023421536400213,-8.274546791912972
-1.3223915547981773,-8.275127956283699
-1.3420050206122285,-8.27559259180264
-1.3611991274994235,-8.275944121966209
-1.3799897553641225,-8.276185630744074
-1.3983917025754204,-8.276320317583712
-1.4164192004974894,-8.276350870903766
-1.4340855739628369,-8.276280164606943
-1.4514036998024609,-8.27611056857016
-1.468385422309246,-8.275844750154768
-1.4850420012635677,-8.275485163201823
-1.5013844759465635,-8.275033950037784
-1.517423108615672,-8.274493266971083
-1.533167685514681,-8.273865242298012
-1.5486272753653845,-8.273152021798353
-1.5638107193873054,-8.272355558740706
-1.5787266312976933,-8.27147761388248
-1.593383033298253,-8.270519853464197
-1.6077875573280802,-8.269483980468225
-1.6219474153128093,-8.268371732868012
-1.6366093306220952,-8.266207244790248
-1.6502816257025668,-8.264947188422122
-1.6637294607351794,-8.26361540956927
-1.6715300891337772,-8.269964089151287
-1.6688806577184097,-8.291660560999933
-1.6661775070835547,-8.314298806645791
-1.6634134113014867,-8.337950886084434
-1.6605823466254965,-8.362693288723175
-1.6576775750956514,-8.388610582195312
-1.6546916812685895,-8.415796310138006
-1.6516163884239845,-8.44435459348606
-1.6484425025402634,-8.474401082499243
-1.6451598194923427,-8.506065041072741
-1.6455403005903173,-8.53236869814298
-1.661677194638664,-8.529345536252155
-1.6775779385094167,-8.526241306318074
-1.6932476125713358,-8.523057441754434
-1.7086909034290552,-8.519795472218476
-1.7239125186963147,-8.516456570357208
-1.738916747712104,-8.513042421573127
-1.7537079480829603,-8.509554058500719
-1.7403922825191573,-8.573838910450648
-1.754719316683415,-8.572772922459716
-1.7689322873255728,-8.57157388050999
-1.783031402653416,-8.570243826917832
-1.7970169356407588,-8.568784210733297
-1.8108891452553457,-8.56719671901327
-1.8246481714615075,-8.565483031811597
-1.838294291603933,-8.563644777558835
-1.851827685902359,-8.561683459554468
-1.8652484943211174,-8.559600757852346
-1.878556974958596,-8.557398120627145
-1.8917531899004754,-8.555077283057521
-1.9048373744973264,-8.552639572563981
-1.9178096205856823,-8.550086726075941
-1.930670085637463,-8.547420126138714
-1.943418908747644,-8.544641213923946
-1.9560561887557941,-8.541751607357636
-1.968582035006036,-8.53875274586067
-1.9809965572771697,-8.535646188295033
-1.9932998679801568,-8.5324331951388
-2.0040972510947794,-8.538688406415966
-2.0153850934835726,-8.542122509056998
-2.026735796882325,-8.545427819379382
-2.038147985555511,-8.548603301100552
-2.049620247231056,-8.551648094911142
-2.0611512001604706,-8.554561044759216
-2.0727393964648444,-8.557341468363322
-2.0843834059901947,-8.559988445654037
-2.096081795853754,-8.562500817570303
-2.107833095863471,-8.564877900517603
-2.1196358338108867,-8.567118712243952
-2.1314885269829893,-8.569222449002485
-2.1433896670694472,-8.571188424955528
-2.1553377626155013,-8.573015477595217
-2.1673312794961626,-8.574702979272512
-2.179368683151765,-8.576250182897274
-2.1914484423068203,-8.5776562221571
-2.2035689814942403,-8.578920347554558
-2.2157287436238784,-8.580041750965885
-2.2279261462256095,-8.581019801897055
-2.2401596103308283,-8.581853810352344
-2.2524275154114863,-8.582542904767072
-2.2647282645567097,-8.583086573212944
-2.2770602188615086,-8.583484002751607
-2.2894217814150086,-8.583734681454763
-2.3018112616829036,-8.583837912761338
-2.3142270435080197,-8.583793004487152
-2.3266674521008337,-8.583599499828718
-2.3391308345502835,-8.583256823854512
-2.3516154556957822,-8.582764277377317
-2.3641196442493237,-8.582121344091941
-2.3766417551722383,-8.58132756894565
-2.38918002792396,-8.580382430380972
-2.401732735216293,-8.579285349089485
-2.4142981690073437,-8.578035926018647
-2.426874598507399,-8.576633641361742
-2.4394603051700123,-8.575078274571348
-2.4520534532081277,-8.573369060830888
-2.4646523730724517,-8.571505961599579
-2.4686555792531224,-8.544698998944583
-2.4678393446510176,-8.506268189577172
-2.485313080331823,-8.51920476763053
-2.499861723498907,-8.523380250278304
-2.514627701932703,-8.527493350458705
-2.529615455537459,-8.531543195000857
-2.5448296202301317,-8.535528623729912
-2.560274924681752,-8.539448422221584
-2.5668038319045587,-8.52345473245806
-2.5649620752162354,-8.490553295035575
-2.5631661396474272,-8.459442741808589
-2.561410269389916,-8.429970777810468
-2.5596896567516763,-8.402002479119474
-2.5579999942035543,-8.375417758771954
-2.5563374569439583,-8.350108619179267
-2.554698678412332,-8.325978553609227
-2.5530804598318415,-8.302940379614036
-2.5514801167391576,-8.280915423513997
-2.559761985330997,-8.27575330085034
-2.572670447846585,-8.277857070763394
-2.5857971205264243,-8.279903883392993
-2.5998131058287024,-8.28288270415995
-2.6134098717553287,-8.284809045574724
-2.6272435734965716,-8.286674755040007
-2.6413212235361194,-8.28847887194336
-2.655649951622364,-8.290219964910966
-2.6702373565143103,-8.291896749584566
-2.685091327476461,-8.2935080781169
-2.700220250796074,-8.295052473662615
-2.715632922269316,-8.296528602890385
-2.7313383862037326,-8.297934967969844
-2.74734640793038,-8.29926999408542
-2.7636672252924463,-8.300532193935396
-2.78031144714943,-8.301719863220324
-2.7972903403811142,-8.302831276655754
-2.81461588588776,-8.30386475097544
-2.832300498589158,-8.304818329915236
-2.8503574894322137,-8.305690050232046
-2.8688008273841183,-8.306477927697767
-2.8876452129401264,-8.307179722593974
-2.9069063546229836,-8.307793314229748
-2.926600692483498,-8.308316326423853
-2.946745748107745,-8.308746267517247
-2.859411513467606,-8.216448056832778
-2.881440359430022,-8.219734993059294
-2.9042542850801336,-8.22306078508901
-2.9279011297657145,-8.226429263172625
-2.952432827947722,-8.229844677670686
-2.977906007718875,-8.233311674567037
-3.004382001308208,-8.23683511696371
-3.031928185608176,-8.240420641629484
-3.0606177161797805,-8.244074105976932
-3.090531221288393,-8.247802225121795
-3.1217569454177925,-8.251612162374071
-3.1543919217967025,-8.255511896776902
-3.1885432814363304,-8.259510300139954
-3.2243295096692344,-8.26361709156789
-3.2618816851806023,-8.267843089497338
-3.3013458565749887,-8.272200411259323
-3.342884470417263,-8.276702557115684
-3.386678999812242,-8.281364385820716
-3.432933360488479,-8.286202912726285
-3.481876668885857,-8.291237113841373
-3.533767627774271,-8.296488482452933
-3.588899520895436,-8.301981382755068
-3.6476062716323807,-8.307743585508957
-3.7102691036990323,-8.313806719714524
-3.7773259214007093,-8.320207182860472
-3.8492821214370796,-8.326987075709026
-3.9267241452851267,-8.334195238648768
-2.9472987155216424,-6.97268771538613
-2.832765191691503,-6.986997967808479
-2.77377802277306,-6.984275457301319
-2.716269302912145,-6.982430757392298
-2.6570807214085943,-6.98263826966411
-2.597098153978108,-6.98462652748214
-2.5377269137808693,-6.987859637663126
-2.47926253345012,-6.992200202013973
-2.4215530951767197,-6.997693352791356
-2.3635885612912517,-7.0047885021623015
-2.304017130131763,-7.014158248130728
-2.244237823623481,-7.025210560210848
-2.2410405197131134,-7.009275012666968
-2.183895113920381,-7.021322384521721
-2.126693207275607,-7.034966779121385
-2.1221752396120412,-7.021095489094631
-2.0623120456214603,-7.03861946262358
-2.0593554414378117,-7.024577757312478
-2.0500230550949876,-7.0142417944531275
-2.048176864441432,-6.999353007947105
-2.0598433610325033,-6.975694165715028
-2.0588611797452967,-6.959633261537845
-2.0577186900918893,-6.943444649715745
-1.988188409149233,-6.974100604630865
-1.9864446615591367,-6.959092499764183
-1.9855271788233455,-6.943265676126754
-1.991641168250481,-6.921944485739705
-2.0060623839581164,-6.893736549820556
-2.010499103998003,-6.872456205890989
-2.0139501058729623,-6.851444572201139
-2.0093057167123303,-6.83659501896001
-2.0119640190159354,-6.8153922851741315
-2.028292272749872,-6.781848615893085
-2.0409971349046008,-6.750394211302307
-2.0170222446032375,-6.751286711823556
-1.9936018401926896,-6.752277661315992
-1.970714101696228,-6.753364234645744
-1.9483378659638921,-6.754544320855193
-1.926453637989142,-6.75581532940489
-1.9050427581117584,-6.757175204823807
-1.8840876987660524,-6.758621651359763
-1.8635715892131048,-6.760153087436833
-1.8434789879489242,-6.761767154266626
-1.8237948122734684,-6.763462207727242
-1.8045049923720975,-6.765236363611724
-1.7855960552601888,-6.7670882135691555
-1.7670552424235138,-6.769015871235547
-1.7488706898084927,-6.771017687194459
-1.73103059365244,-6.773092429163352
-1.7135243414995767,-6.775238386062235
-1.696341440593487,-6.777454144637843
-1.6794718161940796,-6.779738767787095
-1.6629062268485977,-6.782090601779482
-1.646635789221904,-6.784508290319035
-1.6306517396782245,-6.786990774936511
-1.6149462081600126,-6.7895366976691385
-1.5995110273712763,-6.792145177880896
-1.5843389830027212,-6.794814916135064
-1.5694229505440873,-6.797544851266104
-1.5547561036059823,-6.80033398122281
-1.5403320328348675,-6.803181184058517
-1.5261444482824287,-6.806085456839594
-1.5121874178238288,-6.809045915253257
-1.4984552772606292,-6.812061495731819
-1.504443296484966,-6.776230934252205
-1.493238002969429,-6.7738258383555845
-1.482042441693908,-6.771557698108844
-1.4708580420894244,-6.7694258555086515
-1.459686144474296,-6.767429831512434
-1.4485281785736854,-6.765569146930552
-1.4373855139199094,-6.763842965044026
-1.4262595506319433,-6.762250925921366
-1.4151515989316807,-6.760792371755332
-1.4040630584478622,-6.759466644591614
-1.3929952692046628,-6.758273086573949
-1.3816086321633974,-6.75820747642883
-1.3705990956566168,-6.757279063615958
-1.3596142707603722,-6.756480786873831
-1.3486555569073098,-6.755811869039012
-1.3478589477306055,-6.720107326295028
-1.3511909515258527,-6.6662324057602635
-1.3548964296012624,-6.605811675977893
-1.3590514447396198,-6.537545032766476
-1.3637538343265294,-6.459763382875931
-1.3507743505124985,-6.452668286997104
-1.336140265631758,-6.452962845698168
-1.3215553935712192,-6.453426004819131
-1.3070213865926898,-6.454056688757038
-1.2925398671556971,-6.45485382195795
-1.278112487718143,-6.455816448028037
-1.263740855446225,-6.45694325301962
-1.2494265782905165,-6.458233399821531
-1.235171248712168,-6.459685693719731
-1.2209764146650004,-6.461299059282839
-1.2068436537090232,-6.463072301821333
-1.192774521052534,-6.465004226682446
-1.1787705124953607,-6.467093758520596
-1.1648331683446598,-6.469339702707531
-1.1509639769496884,-6.471740983909926
-1.1371644223461361,-6.474296169173189
-1.1234359688650004,-6.477004302412953
-1.1097800707396883,-6.479863950723655
-1.0961981641654643,-6.482874038857757
-1.082691670240355,-6.486033372383101
-1.0692619949651556,-6.489340637682918
-1.0563736741737064,-6.504830814399769
-1.0428433443954492,-6.500425274593612
-1.0291957371746956,-6.496143428695003
-1.0154312119036768,-6.4919863489978145
-1.0015502044412692,-6.487956299764644
-0.9875530743757978,-6.48405447249849
-0.9734402342339575,-6.480282535453076
-0.9592120969346312,-6.476642395300382
-0.9448690667695668,-6.473135243469873
-0.9304115494031711,-6.469763105854911
-0.9158399944188969,-6.46652753143881
-0.901154806892869,-6.463430188487553
-0.8863564064101641,-6.460472506824345
-0.8714452735330824,-6.457656750638251
-0.8564217674577606,-6.454983873014012
-0.841286398352686,-6.452456018882538
-0.8260395561967485,-6.450074737325192
-0.810681735669012,-6.44784181567001
-0.7952133567467421,-6.445758922158456
-0.7796348990117681,-6.4438277249339535
-0.7639467526390735,-6.44204989228699
-0.7481494574033336,-6.440427449890326
-0.7322434030873439,-6.438961827616191
-0.7162290696651217,-6.437654932026263
-0.7001069367184966,-6.436508431263962
-0.6838774246169217,-6.43552423198901
-0.6675410129422267,-6.43470400234483
-0.6510982414690871,-6.434049768004176
-0.634549440571828,-6.433563078146456
-0.6178951498290313,-6.433245839235303
-0.6011357596117738,-6.4330998387703335
-0.5842718393009195,-6.433126983166153
-0.5673037794636397,-6.433329179131508
-0.5502319402765414,-6.433707975796785
-0.5330569217071466,-6.434265756364078
-0.5345203795688787,-6.4720845738749375
-0.5368262418256945,-6.509692554660711
-0.5390904134143767,-6.545436168214843
-0.5413179019347687,-6.579460841830059
-0.5435135715599728,-6.611897280667837
-0.5456812512229704,-6.6428628401340895
-0.45992081076360425,-6.52635031226091
-0.44753227502709503,-6.5351967202045325
-0.4478896258721787,-6.564052091255708
-0.4483286374989041,-6.591930525738181
-0.4488467790784537,-6.618887817838049
-0.4494413920427917,-6.644974576340425
-0.45010987164367244,-6.670237893263089
-0.45085002467807256,-6.694721402872774
-0.45165947363864356,-6.718465401874762
-0.4525362542300583,-6.741507742500876
-0.45347845685920307,-6.7638832966566875
-0.43996917604276503,-6.767549692165475
-0.42030073293843817,-6.763952594991065
-0.39932057834773593,-6.759383058661855
-0.3786624017581278,-6.755824008044833
-0.3574895702498451,-6.752284341083215
-0.3357800891504406,-6.748763736328967
-0.31351023466682465,-6.745261517550028
-0.29065532972506974,-6.741777248501349
-0.2671884315914823,-6.738310079431718
-0.24308128682023974,-6.734859520374344
-0.21830331650509527,-6.7314245487451885
-0.19282257161920274,-6.728004621051808
-0.16845856725061273,-6.7263156849443435
-0.17098814568594814,-6.749550393053473
-0.1735862643554077,-6.772274652757765
-0.22462557245714843,-6.836096378425889
-0.22232881952179012,-6.8526169835297575
-0.23170772662749142,-6.878406646628008
-0.21879457626463478,-6.885674630736083
-0.19290531284585305,-6.883023083901962
-0.19054681277129187,-6.898893503022991
-0.19359158353725256,-6.918522171845448
-0.19669604269935118,-6.937766888051308
-0.20077978216742098,-6.957286082470182
-0.20400639895445719,-6.975786611549205
-0.20728846918214047,-6.993937586904519
-0.18125062621261417,-6.992708334016541
-0.15262164164888242,-6.990497719708537
-0.1227804544545606,-6.988274138637045
-0.09163991805062856,-6.986034873127718
-0.059104183101467256,-6.983776921798255
-0.09837402652754443,-7.0228653573719635
-0.07411474022668645,-7.02562878160104
-0.03648145301067006,-7.021826512434586
0.0033069053883386813,-7.017877643966701
0.04545516350977358,-7.013765943018093
0.09019473666617632,-7.009473312792389
0.13778851579206658,-7.004979026056648
0.1846855009505912,-7.002015553776665
0.18148348319127144,-7.02233859740441
0.1781411884955209,-7.042424421894209
0.17466039941158323,-7.0622764276476255
0.1710438528470582,-7.081897599403031
0.16729345104955357,-7.101291039735263
0.16341145418820244,-7.120459672993752
0.1594002419354076,-7.139406244910328
0.15526159777086027,-7.158133589643198
0.15099754393567213,-7.176644333126781
0.14661022202715404,-7.194941012084747
0.1421017739367577,-7.2130259844270705
0.1374739836344091,-7.23090178628914
0.15983505844620793,-7.241117298083118
0.16399745795379275,-7.256575746247221
0.16796975516314544,-7.2720843072987025
0.17175147715963382,-7.287640596270622
0.17534203177047356,-7.303242257802225
0.1787409459829851,-7.318886966531134
0.18194762762438388,-7.334572367096596
0.18496172294014238,-7.350296104530048
0.18778252059737147,-7.366055793472357
0.19040978607518325,-7.381849064249914
0.19284304640992178,-7.397673561698055
0.1950819479451063,-7.413526871243655
0.19712625613533738,-7.429406638114241
0.19897549811500606,-7.445310447540588
0.200629439387736,-7.4612359149479435
0.20208784549391887,-7.477180633409844
0.20335048194943484,-7.493142210900965
0.20441723350380372,-7.509118240690935
0.20528774647603276,-7.525106323107765
0.2059620248370262,-7.541104044166609
0.20643995333630388,-7.557108997137095
0.2067215359447698,-7.573118768034375
0.2068065382028157,-7.5891309499319854
0.20669508328740974,-7.605143130903816
0.20638705595726384,-7.621152898631566
0.20588269859847458,-7.6371578413852195
0.2051818959574978,-7.653155554297048
0.20428489041736628,-7.669143627499679
0.20319180516424035,-7.685119643479071
0.20190240575076712,-7.701081187858191
0.2004174113535972,-7.717025877631036
0.1987369451282508,-7.732951313909996
0.19686101103337603,-7.7488550901607915
0.19479008987639038,-7.764734793182953
0.19252466236666352,-7.780588069380572
0.19006461326597163,-7.796412504572707
0.18741042338173147,-7.812205685558888
0.18456269258341806,-7.827965288741584
0.18152190160491333,-7.843688945623746
0.13854231823836055,-7.850891631836482
0.12977158628205518,-7.864815411759939
0.13520156474430473,-7.881998014962755
0.14052427048344565,-7.8993884323957735
0.14573779242763873,-7.916988925894929
0.15084045767818427,-7.93480190669975
0.1558301164998697,-7.952829785265393
0.11483212541273079,-7.957077280370776
0.05405519480519365,-7.954044901385034
-0.0014899890526111968,-7.9512289700812495
-0.05246999688655469,-7.9485999883268175
-0.09944286696279298,-7.946133166479616
-0.1155154565308749,-7.954030252113449
-0.11234001033106336,-7.969064985917628
-0.10926339059767262,-7.984282007220907
-0.10529547120542511,-8.000096661138441
-0.10241553201289026,-8.015703114209966
-0.0996394397477218,-8.031500161381338
-0.09696916601776924,-8.047490630633805
-0.09440632514666192,-8.063677559152865
-0.09195300824551865,-8.080063953537364
-0.08961077037656925,-8.096653059686822
-0.08738176269670815,-8.11344815232258
-0.08526777902958618,-8.130452685567938
-0.08327109003536715,-8.147670112761837
-0.08139337101490267,-8.165104305455626
-0.07963689311859158,-8.182759015011062
-0.07800380867989268,-8.200638231404245
-0.07649638963358117,-8.218746182833444
-0.08455177049541765,-8.231090720185078
-0.11563382402457016,-8.228395585493184
-0.14546440091597404,-8.225727066574848
-0.17412467719339403,-8.223081751639016
-0.20168903425442433,-8.220456418885677
-0.2282254167920148,-8.217848214731285
-0.2537965244935659,-8.215254413429562
-0.2784595738187654,-8.21267253667281
-0.3022673116693673,-8.21010059034337
-0.3252684315426236,-8.207536408177086
-0.3475078129300107,-8.204978247416761
-0.36902717608501173,-8.202424251292564
-0.3898649041898946,-8.199873045361807
-0.3246744490170707,-8.273072125197558
-0.34249328475589075,-8.274016099519908
-0.35999457921020545,-8.274835009027928
-0.37718829173481067,-8.275532115598793
-0.39408426178904526,-8.276110264073822
-0.41069143505792705,-8.276572479578737
-0.4270187563440505,-8.276921250798178
-0.4430742770678775,-8.27715948511944
-0.45886604776744644,-8.277289553488746
-0.4744017018468942,-8.277313887143203
-0.48968821706015186,-8.27723491839844
-0.5047326303735268,-8.277054841053786
-0.519541501916813,-8.276775849692939
-0.5341210935028432,-8.276399960576144
-0.5484773691177233,-8.275929309663011
-0.5626159944305972,-8.275365854589687
-0.5765426943229853,-8.27471131447602
-0.5902624194053562,-8.273967767343853
-0.6037803877243408,-8.273136813937302
-0.6171013406861514,-8.272220174993992
-0.6302299004878715,-8.271219571447638
-0.6431705102187515,-8.270136545712404
-0.6559274044501142,-8.268972700150186
-0.6685046089412142,-8.267729518256912
-0.6809060303402243,-8.26640854332917
-0.6931354258917194,-8.26501108049041
-0.7051963745168169,-8.263538733181043
-0.7170923055369417,-8.261992747459214
-0.7288265589647196,-8.260374429134696
-0.7404023853078832,-8.25868502455978
-0.7518227073471092,-8.256925840230569
-0.76309056717025,-8.255098242051643
-0.7742088569713241,-8.253203059731616
-0.7851801126896236,-8.25124195803129
-0.7960071369162269,-8.249215647597223
-0.8066923161868278,-8.247125555017073
-0.8172381852641541,-8.24497262979687
-0.8276470705891004,-8.242758000599496
-0.8379212089996206,-8.240482677025781
-0.8480627778271522,-8.238147728379163
-0.858073894602474,-8.235754104851999
-0.8602859791962597,-8.254852409652912
-0.8687228712401712,-8.257067032792518
-0.8771778445210584,-8.259176662267787
-0.8856496616559333,-8.26118094248581
-0.8941369667390092,-8.263079935281718
-0.9026385376806269,-8.26487352345635
-0.9111530034777645,-8.26656164966022
-0.9196791421388102,-8.268144256298731
-0.9282156275602591,-8.26962140515799
-0.9367611928509822,-8.270992919507806
-0.9453145269066628,-8.27225892071434
-0.953874363130313,-8.273419410861091
-0.9624394199257567,-8.274474332451508
-0.9710084010898181,-8.275423806827238
-0.9795800252224155,-8.27626789570086
-0.9881530257265609,-8.27700660115587
-0.9967261214963136,-8.277640163718537
-1.0052980235829738,-8.278168585509126
-1.0138674804867893,-8.278591987795755
-1.0224332183562956,-8.278910491883305
-1.0309939635361223,-8.279124338285788
-1.039548460703184,-8.279233588672884
-1.048095447377967,-8.27923848354022
-1.0566336649042882,-8.27913932298186
-1.0651618690368716,-8.278936109044535
-1.0736788029821778,-8.278629141819247
-1.0821832230832125,-8.278218780980108
-1.0906738909767681,-8.277705207378354
-1.0991495721229696,-8.277088661463651
-1.1076090330113104,-8.276369443288699
-1.1160510458172583,-8.27554791250157
-1.1244743898727114,-8.274624249924393
-1.1328778486270403,-8.273598874791414
-1.1412602083235799,-8.272472206332294
-1.1496202660873798,-8.271244484944614
-1.15795681188706,-8.2699161298519
-1.1662686654935228,-8.268487560228658
-1.1745546278551504,-8.266959076070906
-1.1828135076650357,-8.2653311561761
-1.1910441434185544,-8.263604279292663
-1.1992453585138472,-8.261778804984413
-1.2046760999150112,-8.243003681472903
-1.2134514335736521,-8.24582887513992
-1.22232214206949,-8.248590552096202
-1.231288864680884,-8.251287817219284
-1.2403522027470115,-8.253919358216027
-1.24951285534689,-8.256484399075047
-1.2587714912670198,-8.25898186581116
-1.268128793998948,-8.261410565205543
-1.2775855071290214,-8.263769601964142
-1.2871423736553043,-8.26605772316553
-1.2968001668683777,-8.268273973862064
-1.3065596595685887,-8.270417101083288
-1.3164216995522238,-8.272486149759004
-1.3263871640256637,-8.27447992635174
-1.3364568553954428,-8.276397058632883
-1.3466317706653523,-8.278236710496248
-1.356912756847303,-8.279997450035127
-1.3673008999597434,-8.281678202578007
-1.3777970918160547,-8.283277595749208
-1.3884024631381093,-8.284794554803682
-1.3991180547506983,-8.286227707120629
-1.4099450269818814,-8.287575858696854
-1.4208844502626383,-8.288837517653405
-1.4319375743278755,-8.29001148984001
-1.44310567842064,-8.291096402243689
-1.454389982081369,-8.292090822344933
-1.4657920930645416,-8.292993793823449
-1.477312812011846,-8.293802871568472
-1.488953985390159,-8.294517277681214
-1.5007170112594688,-8.295135400534335
-1.5126034966879254,-8.295655866575592
-1.5246148988498456,-8.296076766056778
-1.5367530335274013,-8.296396784687053
-1.549019567099166,-8.296614370002432
-1.5611627130359897,-8.296339227206104
-1.5732543657456945,-8.295704931433894
-1.5858952821798016,-8.295599796968979
-1.5986724257035996,-8.29538625583957
-1.8363492299583006,-8.604946952575558
-1.855121905720597,-8.604324078176814
-1.8740991711717827,-8.603536000566093
-1.6009016869470531,-8.229194223435128
-1.6164044940527968,-8.232513023900008
-1.6315187904591897,-8.234885403966576
-1.6478028430190788,-8.238208045321768
-1.6645148662521965,-8.241536002760384
-1.937104371611985,-8.532784905172267
-1.9624398633232039,-8.537583907914112
-1.9884781155924676,-8.54239558294055
-2.015252689711264,-8.547222259233678
-2.042799352339954,-8.552066262147854
-2.071156493524097,-8.556930389559877
-2.1003653051159534,-8.561817673156598
-2.1304697205816407,-8.566731020905575
-2.1615170122233374,-8.571673931329375
-2.193557968816413,-8.57664977795666
-2.226647433619255,-8.5816627621128
-2.260844183693438,-8.586717019047487
-2.2962122424787434,-8.591817390637058
-2.332819924845524,-8.59696865209389
-2.370742222747972,-8.602176402113
-2.4100596121523714,-8.607446468787334
-2.450859841958392,-8.61278538350287
-2.493236739358587,-8.618198833180893
-2.537294387648516,-8.6236949912703
-2.5366197234790215,-8.596628641577126
-2.533326373667315,-8.568250765593922
-2.5298892932361756,-8.540329579028814
-2.526311204582245,-8.512853275667943
-2.522594592370237,-8.485810466921585
-2.518742180565545,-8.459190300248903
-2.514756574904906,-8.432982519350796
-2.510640024183999,-8.4071772857484
-2.506395016008948,-8.381764998988912
-2.502024039064395,-8.356736714269736
-2.5428179337018197,-8.356195216010889
-2.598909434882875,-8.362571014222508
-2.6559898800764694,-8.367994013454414
-2.7165492390365906,-8.373649232082647
-2.7809375539830357,-8.379562976033574
-2.8495538688525635,-8.385765583353832
-2.922855051460716,-8.39229182693134
-2.524777715835884,-8.195811945598502
-2.5854182361341818,-8.200222841681377
-2.648178609761747,-8.20395212773318
-2.715522899887288,-8.20787176112259
-2.787999512425898,-8.212007542661812
-2.8662490098906277,-8.216389949552072
-2.951022350585209,-8.221054224590347
-2.444787311398329,-6.96871227438211
-2.387716272148145,-6.964195711233963
-2.2722669098374286,-6.982867538878111
-2.215188753282024,-6.981919205798935
-2.1577135756341437,-6.982529160987278
-2.0995090718410006,-6.9848664433606915
-2.0412135369398916,-6.9887029625712955
-2.0314948611690813,-6.972379720357552
-2.0358701273319495,-6.9496300935578805
-2.0465684588418163,-6.923509283045421
-2.0478455824444275,-6.90143745728009
-2.0389144525958396,-6.884228693462176
-2.0381631205535897,-6.862762626731994
-2.0506198114485863,-6.833947767368582
-2.049399137232365,-6.812003603078301
-2.002107627876159,-6.8159999583230135
-1.9570678710577953,-6.819903643469524
-1.9141103006652687,-6.823724020795176
-1.8730824997524318,-6.827469582820622
-1.833846458107024,-6.831147965027245
-1.7962770277841191,-6.834766165474894
-1.7602613194081116,-6.838330262599967
-1.7256955035023906,-6.8418462150979185
-1.6924857386837269,-6.8453188834322845
-1.796178802211162,-6.750339756151817
-1.767166415513667,-6.749883590395486
-1.73890065676711,-6.749567525305039
-1.7113487215231815,-6.749386642569509
-1.6844787901116198,-6.74933719040798
-1.6582621270799565,-6.7494147990523325
-1.6326704987953575,-6.749616039502979
-1.6076785237941846,-6.749937109395865
-1.5832619574225382,-6.750374355255092
-1.5593982861036615,-6.750924197191316
-1.5360649696840158,-6.751584308149227
-1.5132417744933917,-6.752351644351463
-1.490909133287051,-6.7532235618186265
-1.4690488508221258,-6.754197440004573
-1.4476436883419648,-6.755270752382697
-1.426677360432596,-6.756440947278101
-1.4061342496772875,-6.7577059323977755
-1.3859998064545151,-6.759063408405131
-1.3653938424400585,-6.76149441594174
-1.346048386626828,-6.763040423902055
-1.339958738398378,-6.749300300358736
-1.343373476018689,-6.723679171981589
-1.346817065816793,-6.697155925652367
-1.3502924396836624,-6.669676701938413
-1.3538032880969582,-6.6411824936136385
-1.3573539378096595,-6.611609029634227
-1.3609485176752167,-6.5808867971433935
-1.3645921674720765,-6.548939399698476
-1.3682900939916105,-6.515683939922729
-1.3655168001222169,-6.490842989857315
-1.3439810809376376,-6.494093866404246
-1.322805114032874,-6.497438643428464
-1.3019792529570884,-6.5008755481314715
-1.2814945129696087,-6.504403028760986
-1.261342025354061,-6.508019411253359
-1.2415135172332465,-6.511723005827254
-1.2220010167930908,-6.51551223401033
-1.202796737258344,-6.51938575095061
-1.183893481405859,-6.523341957742768
-1.1652841115964059,-6.527379253909704
-1.1469619198523235,-6.5314965046432825
-1.1524253468520518,-6.485759242008085
-1.137395476624887,-6.482394308572493
-1.122369117879951,-6.479214478935289
-1.1073480549912322,-6.47621958677559
-1.092334470558921,-6.473408739763124
-1.0773303182781486,-6.470781409358198
-1.0623375816360043,-6.4683370662352315
-1.0473582378325044,-6.4660749427329804
-1.0323943001466969,-6.4639945087399795
-1.0174477191301763,-6.462095116548701
-1.002520385750619,-6.460376120023387
-0.9876143634403809,-6.458836629977299
-0.9727314867267579,-6.457476121014281
-0.9578737296662295,-6.45629370630525
-0.9430429267860918,-6.455288860454051
-0.9282410192073287,-6.4544605782496465
-0.9134699214025027,-6.453807974434724
-0.8987314146020652,-6.453330763520566
-0.884027400704432,-6.453027583578517
-0.869359740885321,-6.4528977892587
-0.8547302900333767,-6.45294049687557
-0.8401407838694093,-6.453154825887115
-0.8255930804255998,-6.453540011775627
-0.8110889655760656,-6.454094814923822
-0.7966301844722263,-6.454818712293195
-0.7822185410277154,-6.455710583041355
-0.7678557678198059,-6.456769427458459
-0.7535436091782138,-6.457994126273886
-0.7392837741753266,-6.459383918899343
-0.7250779804924382,-6.46093780601793
-0.7109279128753471,-6.462654669930792
-0.6968352517653982,-6.464533512303382
-0.682801667012411,-6.46657321582979
-0.6688288018177823,-6.468772783157823
-0.6549182962393723,-6.4711310977674525
-0.6410717679910725,-6.473647043728067
-0.6272908148852604,-6.476319386383277
-0.6135770348549369,-6.479147248825784
-0.5999319946389822,-6.482129277968134
-0.586357256441904,-6.485264478594756
-0.5728543562796263,-6.4885514984286345
-0.5603783306709744,-6.507059070756585
-0.5465998730656016,-6.5025828608617635
-0.5326964840446086,-6.498227527789356
-0.5186683411008636,-6.493994855618647
-0.5045155962397295,-6.489886509850493
-0.49023842753453306,-6.4859041552981065
-0.47583698757109516,-6.482049338196276
-0.46131145326182604,-6.478323961890353
-0.4466620069845054,-6.474729571829245
-0.4318888138991007,-6.471268190919078
-0.4209762068365575,-6.489124792592182
-0.4245528721424172,-6.577197657065511
-0.4276450003031057,-6.652774614110897
-0.4303514509013902,-6.718364655755663
-0.42826380046266105,-6.757124706231381
-0.4168459153286895,-6.755192213457917
-0.40533783144972485,-6.753366504082518
-0.39373967120877795,-6.751648827009798
-0.3817564212736416,-6.749029874697295
-0.3699634851006525,-6.747527693970489
-0.35808061395318885,-6.746137775218619
-0.3461078722021118,-6.744861428501988
-0.33404533754249394,-6.743699903904036
-0.3218931535403981,-6.742654688272107
-0.3096513249827682,-6.741727093238267
-0.2973199805396879,-6.740918606042803
-0.28489918458201835,-6.740230536746016
-0.2723890391314212,-6.739664492541907
-0.2597895489748402,-6.739221785062548
-0.24710075026294623,-6.73890378473804
-0.23432277638112775,-6.73871215756042
-0.2214556368316335,-6.73864839391351
-0.2084993050376802,-6.738713746631345
-0.19545388773623437,-6.738910001659681
-0.18312953743750865,-6.740793117712482
-0.230368945193432,-6.853832500807347
-0.2260070856753455,-6.86733703777205
-0.23369443417737065,-6.90153911014409
-0.23055723181161905,-6.915617076020761
-0.2197374669134216,-6.916427612065647
-0.20884482361555634,-6.91734829063828
-0.1290680906836088,-6.810154338251565
-0.17455905529436294,-6.900723094297026
-0.17114099355419962,-6.913946882252143
-0.1675704237414165,-6.926556378045235
-0.17520097892947303,-6.954653296103036
-0.16322319629406187,-6.954583303782937
-0.14881905106517287,-6.951545604615672
-0.13408576156237678,-6.948523266010543
-0.12469499807099929,-6.952772504441219
-0.12528214546006497,-6.969537982782088
-0.12592488599546114,-6.985852240391632
-0.12662167807190658,-7.001735948317194
-0.12835784963485394,-7.018348228562904
-0.12914993546899933,-7.033390434016061
-0.12716772626393696,-7.044953402319006
-0.11239251372085007,-7.042535459192154
-0.09722224080032008,-7.04012495612147
-0.08163857908900751,-7.037721005209717
-0.06562189404269267,-7.035322931890319
-0.04915147860664147,-7.032930089888523
-0.032204946374051704,-7.030541459851669
-0.01475848721117489,-7.028156298485204
0.003213383652500448,-7.025773668168419
0.02173818469952172,-7.023392386801141
0.0408453975381769,-7.0210114433193835
0.06056660021624437,-7.018629464583628
0.08093599090210321,-7.016245206196079
0.10199033773142639,-7.013857193425393
0.12376939432283426,-7.011463791792966
0.14315083951789034,-7.01146239727072
0.14072638361997855,-7.028042986255066
0.1382460657819195,-7.044306862273196
0.13571087635244322,-7.0602639492625485
0.1331218151108894,-7.075923813657054
0.13047959806292483,-7.091295477776548
0.1277853724475536,-7.1063874386879835
0.12503993350146383,-7.121207975483995
0.12224408824960596,-7.135764920377833
0.11939877467302744,-7.150065661846905
0.11650463833437762,-7.164117371966066
0.11356263293238672,-7.177926843373548
0.1476069669398114,-7.171205701946816
0.1498100657314308,-7.182349099843081
0.15187964596902334,-7.193470551401942
0.15381639293927912,-7.204568941818418
0.15562117461006147,-7.215643012043038
0.15729467548217624,-7.226691677062782
0.15883776273760242,-7.237713707620136
0.16025118281871578,-7.2487079308979725
0.1615356186545539,-7.259673321467185
0.16269193742709598,-7.270608650070263
0.16372106354458615,-7.281512778397341
0.16462350118430935,-7.292384676304007
0.16540029392234473,-7.303223208623932
0.16605224778498556,-7.314027204111756
0.16658022445302198,-7.324795642053677
0.1669848488433423,-7.335527435864905
0.16726710259045566,-7.346221538183218
0.16742779014888706,-7.35687683734717
0.16746777319942666,-7.367492312642965
0.16738791342286422,-7.378066943356799
0.1671891340486179,-7.388599635866747
0.16687205645709718,-7.39908943765183
0.1664379014043656,-7.409535277844943
0.16588723068691516,-7.419936202353338
0.16522108473728833,-7.4302911951785235
0.16444038403430872,-7.440599266970424
0.16354592910308027,-7.450859455027391
0.1625386396365425,-7.46107079979131
0.16141937535077494,-7.471232355028277
0.16018917549949374,-7.481343149427735
0.15884883903603517,-7.491402279871951
0.15739934504078448,-7.50140879582257
0.15584161143844197,-7.511361804753384
0.15417655654664938,-7.521260399242208
0.15240515807049512,-7.531103680886612
0.15052827376134859,-7.54089077793259
0.14854688073488503,-7.550620814321683
0.14646195591030875,-7.560292921443424
0.14427441583702222,-7.56990625890753
0.1419852966252054,-7.5794599745712805
0.13959551428396536,-7.588953248526369
0.12756882912201603,-7.598367809803433
0.1305870312980435,-7.607699757199428
0.13351495135437852,-7.617106647837568
0.1363517672973807,-7.626587997937739
0.13909624019333997,-7.636143307131453
0.14174725059564744,-7.645772066090776
0.14430385771121076,-7.655473773927074
0.1467648235395575,-7.66524789489391
0.1491290883899082,-7.675093914718126
0.151395593406485,-7.685011287472611
0.15356333882625034,-7.6949994874219945
0.15563102785069846,-7.705057947456111
0.15759778027756866,-7.715186130087147
0.15946247835481436,-7.725383461748261
0.16122376619119005,-7.735649355137541
0.16288082356129469,-7.745983259442967
0.16443259288641215,-7.756384580325491
0.16587777785921448,-7.766852732054975
0.16721532129392777,-7.777387105396393
0.1684443439706466,-7.787987125621985
0.16956343237891813,-7.798652129378177
0.170571707298837,-7.809381541937209
0.17146793357876103,-7.820174719556792
0.17225105442585825,-7.8310310381059205
0.17291995424926354,-7.841949842089866
0.17347363505417845,-7.852930538741349
0.17391086286778706,-7.863972439630143
0.17423058207608372,-7.875074875937308
0.17443155792036824,-7.886237189024573
0.17451267520271768,-7.8974587085012296
0.15210761471723802,-7.900064468751801
0.12103788689393061,-7.8986591483306245
0.091965744483312,-7.897305210595428
0.06469530542827909,-7.8959963554776165
0.03905541342571815,-7.8947269947763585
0.014896000164001274,-7.89349227544855
-0.007915013040722806,-7.892287997876869
-0.02949427185179212,-7.891110339740018
-0.049945318971886074,-7.88995603304944
-0.06936055333934564,-7.888822044153331
-0.08782230735399287,-7.8877057241965645
0.004786291858942976,-7.947515899775668
-0.013847518133952203,-7.947144621597835
-0.03174545937778207,-7.946738227543491
-0.048954668395746706,-7.946297948648255
-0.06551852163717081,-7.945824876633484
-0.08147675621710775,-7.945320020346643
-0.09686541269007404,-7.944784396708959
-0.11171837794483123,-7.94421875151377
-0.1260662641123311,-7.9436240063775445
-0.1399375328013072,-7.943000930956703
-0.15335849667004242,-7.942350202531529
-0.15140307946078696,-7.952802984841733
-0.14939837411134146,-7.963534623467725
-0.14741197299683678,-7.97450469813978
-0.14544387590449995,-7.98572224210847
-0.14248828079885784,-7.998025408158203
-0.14055240398332655,-8.009791937620943
-0.138635022878344,-8.021836936520975
-0.13673619857010103,-8.03417176188166
-0.13485589340994095,-8.046808548460815
-0.13299414583669214,-8.059760055075623
-0.1311508383280705,-8.073039909225377
-0.1293261137022183,-8.08666256629714
-0.12751984279186693,-8.100643472671457
-0.12573203995999166,-8.114998995136055
-0.123962571467297,-8.129746667080362
-0.12221139302200257,-8.144905152416463
-0.12047843689908132,-8.16049448705832
-0.11876360722495485,-8.176535900170007
-0.11706667652734078,-8.193052413148433
-0.11538763223638054,-8.210068413105299
-0.11372627374313078,-8.227610200124744
-0.11345926545568452,-8.243979282382748
-0.12811359384641802,-8.241674506759864
-0.14246222729809857,-8.239333731929724
-0.15651576081729976,-8.236957393910465
-0.17028416377946182,-8.23454594522379
-0.18377693203222137,-8.232099970133385
-0.19700316784067842,-8.22961982478376
-0.20997141213802156,-8.227106059002978
-0.2226899016507788,-8.224558992142267
-0.20930386890246702,-8.262986246916837
-0.21957284364827417,-8.264726465336391
-0.22980074033503484,-8.266349291728302
-0.2399870447122478,-8.267855574413328
-0.25013104498807875,-8.269246584300841
-0.2602321375361502,-8.270523172069254
-0.2702898096777292,-8.271686245623243
-0.2803033746976352,-8.272736896334543
-0.29027223368479577,-8.273676153633316
-0.3001958457402874,-8.274504985794044
-0.31007360723773264,-8.275224243495137
-0.31990489104586856,-8.27583501653656
-0.3296891546940034,-8.276338213608877
-0.33942579769929626,-8.276734804558334
-0.34911425094263343,-8.277025818029209
-0.3587539123694056,-8.277212164283835
-0.3683443006646071,-8.27729481002492
-0.3778847855534381,-8.277274725884595
-0.3873747947732482,-8.277152821339307
-0.39681382036060947,-8.276930183045483
-0.40620132845373635,-8.276607480965074
-0.41553673975284056,-8.276185922887056
-0.4248194953194827,-8.27566635831101
-0.43404911383865685,-8.275049753939651
-0.4432250379436921,-8.274337018856482
-0.4523467283074333,-8.273529180919896
-0.4614137137955489,-8.27262702768791
-0.47042546840509514,-8.271631527042063
-0.47938143948470574,-8.270543766817607
-0.4882811723677969,-8.269364593763536
-0.4971241528038674,-8.268094856200609
-0.5059098861537004,-8.266735580808392
-0.5146378895305216,-8.265287674705686
-0.5233076949435361,-8.263752044618334
-0.5319188077535271,-8.262129717225909
-0.5404707717221425,-8.260421479693486
-0.5489631086779131,-8.258628417891607
-0.5573953847264558,-8.256751318395937
-0.5657671393249653,-8.254791087735851
-0.574077922522163,-8.252748751412096
-0.5823272976909811,-8.250625274948554
-0.5905148309370366,-8.248421444920888
-0.5969846754776527,-8.281141507033215
-0.6053964245128223,-8.281097356176875
-0.6138022043326498,-8.280950389752878
-0.6222007673988629,-8.28070064067012
-0.6305908584349701,-8.280348201667007
-0.6389712315347791,-8.279893344110903
-0.6473406413725549,-8.279336220103099
-0.6556978469873276,-8.278677041255131
-0.664041611142122,-8.277916019080292
-0.6723706922351984,-8.277053305581644
-0.6806838645521066,-8.276089231219288
-0.6889798980136318,-8.275024066943086
-0.6972575755745412,-8.273858083359077
-0.7055156640120838,-8.272591432249287
-0.713752949134334,-8.271224563020622
-0.7219682433977889,-8.269757805126277
-0.7301603092752439,-8.268191429712578
-0.7383279554992014,-8.266525766330954
-0.7464699998219212,-8.264761203920276
-0.7510765617077495,-8.244242858486508
-0.7598851761981452,-8.247056994561731
-0.768793642232677,-8.249810719653622
-0.7778028315653512,-8.252503176010812
-0.7869136128066373,-8.255133386714094
-0.796126809468215,-8.257700077907034
-0.8054434187589986,-8.260202627030395
-0.8148643280790382,-8.262639639291667
-0.8243905134541958,-8.265010254188887
-0.834023033999136,-8.267313370526765
-0.8437628594526475,-8.269547889467672
-0.8536111579165556,-8.271712885817475
-0.8635689343869771,-8.273806902056215
-0.8736374016536755,-8.27582901181093
-0.8838177379991506,-8.277778110742807
-0.8941111452107877,-8.279652855391458
-0.9045189536744168,-8.281452256656483
-0.915042424761341,-8.283174969505732
-0.9256829735179616,-8.284819823729395
-0.9364419373672463,-8.28638553191453
-0.9473208967831385,-8.287870979112881
-0.9583213036411358,-8.28927469601622
-0.9694446427522316,-8.29059533169827
-0.980692670198585,-8.291831647327635
-0.9920670479711732,-8.292982227678813
-1.0035694992166595,-8.294045715538457
-1.0152018019503204,-8.295020573369696
-1.026965919226257,-8.295905497256022
-1.0388637450840437,-8.296698827349198
-1.0508973883940393,-8.29739913663546
-1.063068862363653,-8.29800476212303
-1.075380395031079,-8.298514273654611
-1.0878342332240911,-8.2989258231996
-1.1004327821608673,-8.299237916301474
-1.1131784674209346,-8.299448700214326
-1.1260738368951915,-8.299556438216545
-1.139121557642371,-8.299559390442985
-1.1523244425374637,-8.299455693931241
-1.165685240156238,-8.299243308538928
-1.1792069719173957,-8.298920365802452
-1.1928927454719775,-8.298484875732736
-1.1508904827316566,-8.23012803735229
-1.1668517817523987,-8.23342594729301
-1.183235113235163,-8.23673079090003
-1.200059526887372,-8.240043675545026
-1.2173456404595224,-8.243366382740726
-1.235114894874578,-8.246700254907667
-1.2533907694828437,-8.25004705769761
-1.272197819288675,-8.253408647638317
-1.2915629277845155,-8.256786998710341
-1.3115142312968437,-8.26018411147102
-1.3320826243017936,-8.263602569599442
-1.3533006601945794,-8.267044555261675
-1.3752037728314424,-8.270512949769838
-1.3978299581770761,-8.274010566850013
-1.4212200832265918,-8.277540561870829
-1.4454187217521304,-8.281106469422614
-1.4704734894491622,-8.284711863103356
-1.496436978913675,-8.288361377732615
-1.523364007636313,-8.292058098804826
-1.5513167377905328,-8.29580778008673
-1.5803616043023985,-8.299615406754652
-1.6091598989669578,-8.302470642408988
-2.088801953042031,-8.62086288785961
-2.1360489541847887,-8.626652708441899
-2.1853512290047545,-8.632564088435226
-2.2368598205921684,-8.638608784563552
-2.2907409660795084,-8.644800418510554
-2.4426023680928695,-8.423508662525272
-2.436175547891687,-8.393946596940934
-2.494739131333703,-8.312629485805312
-2.500413048193887,-8.28858732742991
-2.5057876241625445,-8.26451723053573
-2.5108633110492784,-8.240422760727215
-2.515639724917078,-8.216307446029637