-4.376261857084359,-8.268643222995635
-4.398011997815949,-8.265768574005062
-4.418040820457643,-8.263834247959993
-4.427213778908268,-8.27133010438401
-4.424951682093047,-8.28953299242297
-4.422728164237811,-8.308180222577306
-4.420545173161414,-8.327289475646829
-4.82358227801081,-8.573618965057705
-4.83676296184125,-8.57235744655048
-4.849851139389439,-8.570967288393119
-4.862846455056313,-8.569450034170194
-4.875748723550625,-8.567806872839244
-4.888557575444801,-8.566039288122244
-4.901272683867047,-8.564148883733933
-4.913893770922831,-8.562137025811582
-4.9264205438188595,-8.560005080224906
-4.9388526778238315,-8.557754531498569
-4.951189881214701,-8.555386685907248
-4.9634318739564405,-8.552903028778289
-4.975578317489239,-8.550304984773758
-4.987628934988805,-8.547593860435896
-4.999583446420115,-8.544771141092049
-5.011441563270858,-8.541837954231788
-5.023202989537004,-8.538795844509934
-5.034377717961856,-8.540344465206571
-5.0453876042402666,-8.543790270348275
-5.056466786390239,-8.547115229953087
-5.067614091775474,-8.550318249905471
-5.0788283381698,-8.553398355146182
-5.090108327934334,-8.556354391496411
-5.1014528511858765,-8.559185264171722
-5.112860681001981,-8.56188999731018
-5.124330578215886,-8.564467674444224
-5.1358612959756424,-8.566917080896989
-5.147451567179315,-8.569237299699235
-5.159100111966701,-8.571427294424087
-5.170805643542173,-8.573486207362885
-5.182566861559735,-8.575413001720854
-5.194382433221428,-8.577206580506179
-5.20625104752114,-8.578866085575408
-5.21817134982673,-8.580390598387378
-5.23014199933457,-8.581779260263522
-5.242161607376355,-8.583030973208663
-5.254228809730074,-8.584144937737925
-5.266342200688171,-8.585120174778643
-5.278500380922229,-8.585955764986968
-5.290701945752604,-8.586651086994229
-5.302945453295091,-8.587205101463821
-5.3152294424857445,-8.587617007171723
-5.322586593922528,-8.563752485958373
-5.321488979418312,-8.503726018437568
-5.320490367793118,-8.450534553307891
-5.319574113541601,-8.403059308975116
-5.318725997861414,-8.36040903542469
-5.317934668022572,-8.321868992309396
-5.317190803074154,-8.28685860784511
-5.324493449195204,-8.281846712271694
-5.333091146720641,-8.28123036239096
-5.341706271309619,-8.28051166972817
-5.350337746055188,-8.279690018800993
-5.359334055899056,-8.279759893435312
-5.368007991053793,-8.278729103244705
-5.37669506795008,-8.277593926043114
-5.385394133046683,-8.276353864200473
-5.394104032802371,-8.275008420086726
-5.38789759181972,-8.238183223546208
-5.3980294044650865,-8.24101908440666
-5.408323815526493,-8.243818400673959
-5.41922021889033,-8.24751523033358
-5.429867762772931,-8.250244403291015
-5.440690099917382,-8.252935164159021
-5.451691648918268,-8.255587115375434
-5.462876951841224,-8.258199623138445
-5.474250555032869,-8.2607718152661
-5.485817448591847,-8.263303006388387
-5.497582653484569,-8.265792452075384
-5.509551606772448,-8.26823947498392
-5.521729865777214,-8.270643340316273
-5.534123376258572,-8.273003260636283
-5.546738259550596,-8.275318630503627
-5.5595809999088015,-8.277588552924277
-5.57265831675811,-8.27981231397029
-5.585977379696944,-8.281989028955454
-5.599545506241067,-8.284117875464204
-5.613370581129329,-8.286197981653268
-5.627460875398063,-8.288228542231
-5.641824903814969,-8.290208458211554
-5.656471831341914,-8.292136940356961
-5.671411096469647,-8.294012906270172
-5.6866528517591,-8.295835345992117
-5.701351921810954,-8.296599782762392
-5.717211196996931,-8.29831402416742
-4.479742815331795,-6.775897470923756
-4.466478591303079,-6.7782945816245785
-4.453365342326822,-6.780784388309923
-4.440401257436662,-6.783365117929547
-4.4275846677733846,-6.7860351247944
-4.414913626407027,-6.788793464008441
-4.402386653018554,-6.79163832135533
-4.390002088491488,-6.794568409881223
-4.3777583116718235,-6.797582564156379
-4.365653855318743,-6.800679269188419
-4.359323969033994,-6.783054820366741
-4.348804765996146,-6.780169009768812
-4.338249772117911,-6.777412111302853
-4.327660511343286,-6.7747846282700825
-4.3170385968831315,-6.77228706897494
-4.306385640412423,-6.7699197028430165
-4.295703206405167,-6.767682975748963
-4.2849929221820915,-6.765577277391663
-4.274256373765974,-6.763602935457147
-4.263495176935214,-6.761760279299187
-4.2527109690169835,-6.760049520082934
-4.241905326027618,-6.758471164028152
-4.231079906459092,-6.75702524439166
-4.220236323138295,-6.755712209758189
-4.209376201466098,-6.7545321512280605
-4.198501177677891,-6.753485399301619
-4.1876128922142755,-6.752571926525749
-4.176712972941873,-6.751792062931742
-4.165803056257994,-6.751146019632633
-4.1548847867066625,-6.750633829103489
-4.143959811621496,-6.750255523975726
-4.133029768329666,-6.750011315414497
-4.122096304164789,-6.749901236051219
-4.1111610623570565,-6.749925258589131
-4.1002256876725465,-6.750083594610318
-4.089291837451317,-6.750376098212463
-4.078361147484654,-6.75080274168187
-4.067435265106175,-6.751363557649957
-4.056515836881549,-6.7520584593087145
-4.045604510144393,-6.752887479289562
-4.034702945570248,-6.753850412178937
-4.023812763304644,-6.75494710998985
-4.012935621455583,-6.756177546259404
-4.002073146839557,-6.757541453978122
-3.991226986022239,-6.759038746337994
-3.980398780697933,-6.760669157163411
-3.9695901476766884,-6.762432597978624
-3.9588027502015826,-6.764328684419403
-3.9480381935403353,-6.766357267664884
-3.9372981078449194,-6.768518021194343
-3.926584108389498,-6.770810617653183
-3.915897863288517,-6.7732348520447765
-3.8970606891845496,-6.743861409759822
-3.8850617584779052,-6.743005263114966
-3.872998484084225,-6.742277801333057
-3.8608717648157276,-6.741680029961707
-3.848682393540361,-6.741213247101528
-3.836431295490486,-6.740878519479114
-3.82411936280736,-6.740676971664569
-3.8117474181145523,-6.740609903426244
-3.7993164130645662,-6.74067844266972
-3.78682726955428,-6.74088371563284
-3.774280846633849,-6.741226904729207
-3.761678122375916,-6.741709199043387
-3.749019965837078,-6.742331602455253
-3.7363073715036776,-6.743095543762086
-3.7235412976991786,-6.744002031846982
-3.710722633229357,-6.745052250791286
-3.6978524190135826,-6.746247333503797
-3.684931514102009,-6.747588462398124
-3.689337230098898,-6.808535798257544
-3.674027718720275,-6.8044962960983355
-3.658432442911015,-6.800490685127615
-3.6425429153840785,-6.796519146330772
-3.6263502189317927,-6.792582075389813
-3.6098450231032495,-6.788679785127129
-3.3560676079785368,-8.26462718238897
-3.3775573252481443,-8.26260805322219
-3.3983956840333462,-8.260568535284321
-3.4186155884363236,-8.258508443043066
-3.4382477406432055,-8.25642746755333
-3.45732074660463,-8.254325421173164
-3.4758611822179555,-8.252202121876755
-3.493893943723765,-8.250057532289802
-3.51144250909921,-8.24789135645272
-3.528528610482461,-8.245703558744454
-3.5451726045820995,-8.243494145850368
-3.56139385309295,-8.24126277019643
-3.577210308925438,-8.239009721627475
-3.5926388838069143,-8.23673469434849
-3.6076954444187583,-8.234437920973718
-3.622395107144537,-8.232119174177448
-3.636752112112844,-8.22977841631447
-3.650779515634635,-8.227415961276403
-3.664490165995215,-8.225031574011744
-3.6778957805025345,-8.222625493363795
-3.655942185275476,-8.266802260684623
-3.6668018260164446,-8.268248128306045
-3.677584010229098,-8.26958052635686
-3.6882889718318133,-8.270801139497062
-3.698917146625071,-8.27191124581438
-3.709468927311803,-8.27291235977378
-3.7199445678232745,-8.27380580896779
-3.7303445668066892,-8.274592815308372
-3.7406691417667286,-8.275274823742805
-3.7509186061459,-8.275853165199099
-3.7610932833931563,-8.276328992071528
-3.7711932984108287,-8.276703803815396
-3.7812190077389727,-8.276978694981471
-3.7911706686443334,-8.277154933651039
-3.8010484193711664,-8.277233781234422
-3.810852523857179,-8.277216386790412
-3.820583117011146,-8.277104071240581
-3.8302405389594245,-8.276897689422976
-3.839824762490753,-8.276598791965442
-3.8493360466714703,-8.276208348559171
-3.858774569507898,-8.27572744374849
-3.868140449495112,-8.275157158742246
-3.877433758695162,-8.274498870637771
-3.886654688456293,-8.273753425934412
-3.895803335724808,-8.27292202402964
-3.9048798438800363,-8.272005568432434
-3.9138841923816816,-8.27100549074815
-3.922816630553344,-8.269922401932769
-3.9316771263123953,-8.268757673246531
-3.940465808160355,-8.26751220736455
-3.949182759965309,-8.266186904460325
-3.9578279976135415,-8.264783078784465
-3.966401644735205,-8.263301453644477
-3.974903723119603,-8.261743104829051
-3.983334266098369,-8.260109168471994
-3.9916933642105508,-8.258400425724318
-3.9999810351420284,-8.256617892446538
-4.008197294011142,-8.254762763449829
-4.016342226485572,-8.252835640517604
-4.024415825366945,-8.250837717210237
-4.032418126170457,-8.24876989099115
-4.039515890437958,-8.252466150329113
-4.046866585110797,-8.254726278025226
-4.054259032304275,-8.256902840165441
-4.061692343332883,-8.258995249657074
-4.069165617968779,-8.261002859062314
-4.07667794931316,-8.26292513996585
-4.084228438310927,-8.26476126590103
-4.091816152876008,-8.266510766739035
-4.099440163408916,-8.268173053094035
-4.107099536752623,-8.269747415984419
-4.114793320364068,-8.271233384134801
-4.122520564267732,-8.27263030731912
-4.130280301507672,-8.273937713454176
-4.1380715649059,-8.275154951349746
-4.1458933694551,-8.276281488212698
-4.1537447375868695,-8.27731679166683
-4.161624666464573,-8.278260447316098
-4.169532155051174,-8.279111742374358
-4.177466197174558,-8.279870321956809
-4.185425767297405,-8.280535710696883
-4.193409845785411,-8.281107194766104
-4.201417405301664,-8.281584597187999
-4.209447407998566,-8.281967262811463
-4.217498791912215,-8.28225483362468
-4.225570524066383,-8.282446833844151
-4.233661519412503,-8.282542784767827
-4.241770738303389,-8.2825423296347
-4.249897088251568,-8.282444989325786
-4.258039496518749,-8.28225046492358
-4.266196870617461,-8.2819582773091
-4.274368122931601,-8.281568126730969
-4.282552157638216,-8.28107959358145
-4.290747875578874,-8.280492317764054
-4.298954141168557,-8.279806056537033
-4.307169861919794,-8.27902033078141
-4.315393902247567,-8.27813489775544
-4.32362512990234,-8.277149455206136
-4.331862412634576,-8.276063700880508
-4.34010462973707,-8.274877392870685
-4.348350645624803,-8.273590288434926
-4.3562368165663425,-8.271205821275062
-4.3533480850579425,-8.240272302034095
-4.362867765599914,-8.243013976952929
-4.372530769617222,-8.245715389016368
-4.382340261212277,-8.248376536471172
-4.392299200061028,-8.250996271840783
-4.402410836460982,-8.253574120617486
-4.412678417637866,-8.25610913053586
-4.4231055278719955,-8.258600726410844
-4.433216718280741,-8.260079864675397
-4.443955138236858,-8.26247482556633
-4.454863932957211,-8.264824055081718
-4.465947539628715,-8.26712720493471
-3.6055781634860375,-6.759695911773559
-3.5907782052444617,-6.761345288406393
-3.57616117856422,-6.763096132156395
-3.561724221955294,-6.764946118253161
-3.5474641793743857,-6.766893974465288
-3.5333782945476644,-6.768937922743345
-3.5194637325427744,-6.7710764178661025
-3.5057178759868544,-6.773307812634566
-3.492138226327197,-6.775630469473963
-3.478722196728347,-6.778043102457877
-3.4654675407142395,-6.78054391502975
-3.4523718793846907,-6.783131638105557
-3.4394329574717797,-6.785804952815413
-3.426648711957969,-6.788562197062283
-3.4140171199873532,-6.791401951201548
-3.401535996574864,-6.794323320655064
-3.3892036640360974,-6.797324315738001
-3.377018026917286,-6.8004042285236395
-3.371772620237324,-6.780743900953403
-3.3612908705953766,-6.777933641983336
-3.350778197228769,-6.775252856514163
-3.3402361998136536,-6.772701913316239
-3.3296664531332576,-6.770281119343786
-3.319070611045514,-6.767990728156091
-3.3084502457195035,-6.765830986695785
-3.297806979110156,-6.763802265537766
-3.287142417903702,-6.761904754620644
-3.2764581762126292,-6.7601386444845435
-3.2657558830019457,-6.758504126872618
-3.255037142759916,-6.757001511145146
-3.244303588847477,-6.7556307502019415
-3.2335568428033756,-6.754392035184647
-3.2227985309784724,-6.753285497824821
-3.2120302637721263,-6.7523113283618335
-3.1816792517363495,-6.961127672442529
-3.171412915780761,-6.986042643553066
-3.1653275558834015,-6.959256702989103
-3.164188715142684,-6.833191112151397
-3.1580965778115138,-6.7494270268525405
-3.1473027500681257,-6.749247620027963
-3.132362868612137,-6.962274244756068
-3.1240252135704614,-6.98511179164586
-3.115976623420934,-6.954240434551542
-3.1041579297314565,-6.749853321497393
-3.0933874524283635,-6.750335159160017
-3.090897015441351,-6.948236227367232
-3.0834968583232722,-6.966003633877012
-3.0767970561431404,-6.9878865033034465
-3.0504169004813786,-6.753579950264316
-3.0463504058289494,-6.827500815500214
-3.039167200188472,-6.853903610835685
-3.0418227524861816,-6.959656889212139
-3.0351837124814756,-6.972790819472694
-3.0299511445554743,-6.993758951693283
-2.998645974120739,-6.841669425240101
-2.9922671112852917,-6.862857462801381
-2.990636384148195,-6.907838263768299
-2.993618691013826,-6.971172493986359
-2.9876587596065285,-6.983015635232764
-2.9831364630596573,-7.000278512245378
-2.979337214627048,-7.018943478107312
-2.9630641771147945,-6.984442872678808
-2.927061794492357,-6.876541887659723
-2.927166565844798,-6.913582028868183
-2.934919692208298,-6.974488745354651
-2.929387562198201,-6.985179690145795
-2.92639967086429,-7.003384793627983
-2.8856361940802415,-6.9030987902378085
-2.877753288031594,-6.908990312686883
-2.8824027659652582,-6.9504892356586705
-2.879668666885532,-6.968754303968366
-2.87363252130235,-6.977144289065192
-2.8706303444571706,-6.992897278807075
-2.8253521528179544,-6.903588546534971
-2.830360476639779,-6.940280282350008
-2.8282548481517455,-6.958404656954764
-2.8224514355401706,-6.967355100251835
-2.820659112669061,-6.984609229712287
-2.773902247151064,-6.907184351280995
-2.7796037087916856,-6.940855049376365
-2.776063224015314,-6.954627460190863
-2.7711008727728386,-6.965130439649342
-2.724676410890181,-6.898641712105669
-2.7295055267465718,-6.9282284044140034
-2.728055698027405,-6.945469731000774
-2.7227041177599864,-6.955405974937635
-2.7225157627210472,-6.973581653383707
-2.6804629440411105,-6.9238656081849985
-2.679633711012049,-6.941455124783124
-2.6745582413180813,-6.951948224247632
-2.6744608866467217,-6.96954822502917
-2.632846500356736,-6.926663048001958
-2.631118707067984,-6.942300632321847
-2.6262270993911176,-6.9531192247058575
-2.626840947019957,-6.971043299754001
-2.585948673555045,-6.934394056668237
-2.5825070502634384,-6.947373396302942
-2.5802371225847067,-6.961487022410415
-2.5401094693777133,-6.929578811259867
-2.5383649395857493,-6.9447209137945
-2.587432340123538,-7.017777867351951
-2.582324842277485,-7.026974602844595
-2.5346630754572748,-6.989571211611335
-2.5309516068010653,-7.0011437297271435
-2.5229938552986884,-7.008092550753017
-2.5207577994712844,-7.02086366300251
-2.471790266263172,-6.987115977331361
-2.4648775655218285,-6.995985958815812
-2.4604056952174793,-7.007116080291705
-2.411727142325173,-6.977450776115177
-2.404639694961521,-6.986941797433629
-2.4009753608195514,-6.999394201160071
-2.571602349081937,-8.269792576468635
-2.5859702358885452,-8.26871780247654
-2.6000781594402507,-8.267573055640629
-2.613157720237035,-8.26733990332797
-2.626791909914412,-8.266055244736032
-2.6401882130070935,-8.26470491306545
-2.6533536415689105,-8.263290193878458
-2.66629468341959,-8.261812569474644
-2.6790176127991114,-8.260273205854768
-2.691528466307145,-8.258673249771142
-2.703832983492975,-8.257013823915518
-2.715936557902016,-8.255296262153339
-2.7278443301706696,-8.253521698465315
-2.7395614947009372,-8.251690972187829
-2.751092810775831,-8.249805126612788
-2.7624427558966813,-8.247865361607824
-2.7736157473223755,-8.245872513361943
-2.784616034538159,-8.243827643674177
-2.795447618932379,-8.241731555048748
-2.806114403154042,-8.239585161591863
-2.8166200080704744,-8.23738953398546
-2.8269680436762252,-8.23514532343185
-2.837161898010424,-8.232853521954441
-2.8350603344435337,-8.257389188295345
-2.8434493581856715,-8.259353005846956
-2.8518407345038015,-8.261212842614945
-2.8602332659883425,-8.262968900610488
-2.868625790163047,-8.264621504274
-2.877017139323372,-8.266170858022713
-2.885406180281925,-8.26761710926984
-2.89379168634027,-8.26896063705376
-2.902172539579717,-8.270201769423974
-2.910547621665393,-8.271340654996715
-2.918915745644308,-8.272377735829531
-2.927275763892733,-8.27331333756586
-2.9356265877808343,-8.274147611227999
-2.9439670530505837,-8.27488118011129
-2.952296056219627,-8.275514194034999
-2.9606124894096832,-8.276047041661732
-2.9689152325040973,-8.276480170462655
-2.977203192477108,-8.276813970303397
-2.9854752662625432,-8.277048770436489
-2.993730366062937,-8.27718508075074
-3.0019674355676407,-8.277223114686096
-3.0101853603044804,-8.277163619170164
-3.0183831036274382,-8.277006749435836
-3.0265595903936022,-8.276753135996623
-3.0347137721347677,-8.27640317232724
-3.0428446029968774,-8.275957311913993
-3.0509510386410397,-8.275416127965615
-3.0590320432536044,-8.274780134581516
-3.067086605497666,-8.27404972824398
-3.07511370719694,-8.273225424481017
-3.08311233169031,-8.27230785854306
-3.0910814823226884,-8.271297487901444
-3.099020167667284,-8.270194890050687
-3.1069274001811333,-8.269000583000043
-3.1148022086889613,-8.267715205684217
-3.122643617886176,-8.266339217303898
-3.130450666637908,-8.264873317406895
-3.138222404532493,-8.263318027010033
-3.1459578964269705,-8.26167404776642
-3.1536561930086586,-8.259941840982046
-3.1613163755022815,-8.25812222923547
-3.1681611772710414,-8.24637288687763
-3.1760377991557736,-8.248951504129542
-3.1839885194783575,-8.251463227207935
-3.1920133287316137,-8.253907158345003
-3.2001122615497386,-8.256282223948759
-3.208285330704332,-8.258587528055934
-3.216532558591218,-8.260822055883105
-3.224853968022405,-8.262984972080114
-3.2332495761654214,-8.26507514184035
-3.241719400603979,-8.267091609790473
-3.2502634986672363,-8.269033483576298
-3.2588818827106105,-8.270899687801297
-3.2675746196874824,-8.27268921129113
-3.2763417223694535,-8.274401158082533
-3.285183242441202,-8.276034336364877
-3.294099266936925,-8.277587856190035
-3.3030897881312242,-8.27906052093527
-3.3121549227633356,-8.28045144305851
-3.3212947028533057,-8.281759488956178
-3.3305092250595556,-8.28298364985999
-3.3397985410667643,-8.284122733959324
-3.3491627872787983,-8.285175795505056
-3.358602025420744,-8.286141703299666
-3.3681163469227253,-8.28701932855169
-3.3777058729199068,-8.28780754487572
-3.387370724547451,-8.288505225886347
-3.397111022940522,-8.289111245198162
-3.406926864341356,-8.289624414609625
-3.4168184790810474,-8.290043736179701
-3.4267859529452416,-8.290367781660489
-3.4368294616670663,-8.290595488888767
-3.4469492251210254,-8.290725619877142
-3.4571453692543934,-8.290756988830124
-3.4674181436467117,-8.290688360166378
-3.477767738467444,-8.290518493492453
-3.4881943784032066,-8.290246091410873
-3.49869831784565,-8.289869858930226
-3.509279815998541,-8.289388441649018
-3.5199390879242696,-8.288800660989931
-3.530676496378052,-8.288104991539406
-3.5414923455373946,-8.287300261938297
-3.5181909416808246,-8.234401763603742
-3.5309956646921195,-8.23744915541116
-3.544082229525052,-8.240485409596197
-3.5574612007167503,-8.243511142668394
-3.571143463915288,-8.246526698147466
-3.585140513305846,-8.24953228944402
-3.599464759950053,-8.252528622832985
-3.61412926758802,-8.255516098656006
-3.6291475254546204,-8.258495032119356
-3.644534350719606,-8.261466324388493
-3.660305079142352,-8.264430380435085
-3.6764763294433696,-8.267388008147638
-3.6930654477004308,-8.270339894929768
-3.7100910324150376,-8.273286769829369
-3.727573029272018,-8.27622971021321
-3.7455323778264407,-8.279169335751156
-3.7639917566266776,-8.282106945167126
-3.782975070919539,-8.285043458146655
-3.802508172048043,-8.287980131405197
-3.822618525051512,-8.290918232765076
-3.84333568394619,-8.293859079652375
-2.893148930292454,-7.009665429626945
-2.8891444118490432,-6.9978274815688035
-2.8817561071312077,-6.988644258529493
-2.829920315969003,-7.0170519684686905
-2.8288903447244222,-7.003286814056935
-2.821046052707261,-6.995307931412848
-2.7708230778444007,-7.0259571050422265
-2.76920634699821,-7.013159078787912
-2.761630305658333,-7.005807508876428
-2.7569521806121666,-6.995627173679515
-2.7083899624340297,-7.0294259809487025
-2.7568147007904655,-6.9653646233199735
-2.7544189167621074,-6.9521138434582115
-2.712990874243831,-6.980810226617407
-2.7130055392256898,-6.9653467794278106
-2.709325694047171,-6.953656249509482
-2.6681125926032463,-6.985465606888092
-2.6684404951668244,-6.969595115392326
-2.6645427596946867,-6.9584202963113
-2.6625521454764445,-6.944606014370264
-2.6198090324363372,-6.982906921155124
-2.6209959630982165,-6.965455944268781
-2.616449313199839,-6.955172647846177
-2.6152752506475614,-6.939963460337351
-2.5722100865305553,-6.984063220118941
-2.572992483586699,-6.966546522654138
-2.5681975401228967,-6.956762400099862
-2.5666373557715323,-6.941729615731071
-2.527145733125178,-6.98639803493584
-2.524249448277201,-6.974095934474146
-2.5201572537919232,-6.9633704367900355
-2.516803005753316,-6.951022757587408
-2.5316187085083284,-6.905956366455936
-2.4739906047783684,-6.990939398818196
-2.47349195095814,-6.973721861693087
-2.4682291158102405,-6.964943089517176
-2.466055385689872,-6.949691971519221
-2.482106972253895,-6.896140932810932
-2.424148222382806,-6.996936318980443
-2.4223300298051775,-6.981191203690383
-2.4168317956271657,-6.97297911746918
-2.4140247849814767,-6.958111612601192
-2.4307181877031923,-6.895008380985614
-2.42968485955978,-6.872261011368863
-2.3689661272605806,-7.004013605389346
-2.3669495131755336,-6.986853561712909
-2.3617161061611505,-6.977627220400601
-2.377337191365542,-6.906741269280003
-2.375675462724872,-6.882939559414974
-2.36984425721125,-6.8706070302498246
-2.3158083840926404,-7.017817996904924
-2.3132516695886918,-6.999701654774547
-2.3081767210076287,-6.989225401634376
-2.303058260511181,-6.978063769974774
-2.3001976798978383,-6.956818055271101
-2.3111490292029355,-6.874597633944009
-2.304930064590439,-6.860419288815125
-2.266464086264634,-6.999028189719754
-2.262557009362914,-6.9798206940349905
-2.2568341043982256,-6.968047252816614
-2.2646764903682537,-6.875342795717483
-2.259023934510342,-6.853355824576338
-2.263452752552217,-6.758629998413317
-2.2250101544132357,-6.968241878982971
-2.2162737693709036,-6.975367015705123
-2.210008117791729,-6.961527033612536
-2.2128423715399106,-6.849420422261801
-2.2116541696522005,-6.752488986833593
-2.2012531741923387,-6.751642562867643
-2.1783836358068944,-6.962631342964443
-2.169455487942085,-6.985971316464706
-2.162849367408095,-6.958528141220566
-2.159563701860629,-6.749534896198323
-2.149127811087485,-6.749327918923465
-2.138689649862701,-6.749249000602127
-2.1313900201482676,-6.960656364347134
-2.12422180124605,-6.985707357350653
-2.1156323579540137,-6.959217193073351
-2.0969457821382003,-6.7502141573564645
-2.086519863520675,-6.750775549019485
-2.083629116458728,-6.850052474307009
-2.084315115545957,-6.962215003443077
-2.0786047079145815,-6.983831415166126
-2.068663630846949,-6.963621363607944
-2.0345290706060877,-6.755499472778728
-2.0241696331848034,-6.756826707426213
-2.0138267762443935,-6.758281080290725
-2.0035020118381386,-6.759862262398262
-1.993196938639718,-6.761570228411006
-1.982913094082392,-6.763404471725217
-1.9726520173381332,-6.765364963501558
-1.9624152720895378,-6.767451258388753
-1.952204401010096,-6.769663268045765
-1.9484956907133864,-6.798954745408606
-1.9371992936020916,-6.795521811162156
-1.925766865838501,-6.792159924948531
-1.9141970082149735,-6.7888707956609124
-1.9024880284103032,-6.785655279034863
-1.8906383845962629,-6.782514717324156
-1.8786463266886526,-6.779450440527246
-1.8665100888584896,-6.776463538885007
-1.8542279402678747,-6.773555522651776
-1.8417980118291957,-6.770727714822972
-1.82921832595598,-6.767981252885867
-1.816486854301797,-6.765317629587204
-1.8036015527754325,-6.762738097916149
-1.7905603265257144,-6.760244266121341
-1.7773608899530862,-6.757837432687581
-1.7640009697012557,-6.755519195358959
-1.7504781611672544,-6.753290845617236
-1.7367900282344544,-6.751154210459533
-1.7229338757943904,-6.749110444856613
-1.708907227475028,-6.747161552559955
-1.694707195656713,-6.745308916042597
-1.6803309347139082,-6.7435542187876205
-1.6657754467652934,-6.741899195026023
-1.6510376184276543,-6.740345512484058
-1.6361143520625578,-6.738895078645565
-1.3409660827044838,-8.196331794504427
-1.364302962814879,-8.193897006707063
-1.414865805351641,-8.27780141065481
-1.4326142047902355,-8.277688302529796
-1.4500101739519833,-8.277477372097643
-1.4670660576540437,-8.277170898219898
-1.4837932801758398,-8.276771583249001
-1.5002029543062863,-8.276281335006097
-1.516305377293904,-8.27570272981308
-1.53211072040486,-8.2750374409617
-1.5476283498694805,-8.27428763173933
-1.5628669809008395,-8.273455367414943
-1.5778354092228242,-8.272542359748794
-1.5925418355422574,-8.27155028548596
-1.6069939215490883,-8.270480849359565
-1.621199120677294,-8.269335743847426
-1.6359077825195645,-8.267134301017888
-1.6496259088837013,-8.265836101590528
-1.6631172878617104,-8.264467000398831
-1.6728509493669452,-8.268078328542046
-1.6702573845164839,-8.289642730494956
-1.6676106588783646,-8.312141953299237
-1.664906084209594,-8.335643489373332
-1.6621379780530119,-8.360222594345549
-1.6592998614887098,-8.385962477814498
-1.6563847443752044,-8.412955036627904
-1.6533846072934826,-8.441302555921478
-1.6502907620346612,-8.47111868565683
-1.7386545021850575,-8.513638157764177
-1.7534670329017175,-8.510120121305691
-1.865124117425924,-8.56003384304941
-1.8784465834499955,-8.557801040498996
-1.891655885119194,-8.555450342967012
-1.904752210525649,-8.552983373631738
-1.9177356987643348,-8.550401573664814
-1.930606559805843,-8.54770644811649
-1.9433649143682044,-8.544899496784732
-1.9560108875403235,-8.541982398848008
-1.968544669611813,-8.538956359659585
-1.980966333607585,-8.5358230553341
-1.9932760584433418,-8.532583630847737
-2.004048120863342,-8.539025610640648
-2.015343531075726,-8.54243460370618
-2.0267011950377416,-8.545714470178602
-2.038119737013863,-8.54886417377534
-2.049597740795819,-8.551882795247638
-2.061133792252107,-8.554769475176707
-2.072726460081689,-8.557523233717859
-2.084374302044299,-8.560143150090415
-2.0960758663851893,-8.562628243246044
-2.107829672685453,-8.5649778289884
-2.1196342487366313,-8.567190925065503
-2.131488093231428,-8.569266726636263
-2.1433897097888157,-8.571204250026202
-2.1553375756577147,-8.573002927963369
-2.16733015912796,-8.574661774694261
-2.1793659219210273,-8.576180042909892
-2.1914433108829683,-8.577556984425895
-2.2035607579844054,-8.578791850182524
-2.2157166877582504,-8.579883890682346
-2.227909528673609,-8.58083241636732
-2.240137645327007,-8.581636554797392
-2.252399467056908,-8.582295855296726
-2.2646933663322275,-8.582809565304059
-2.2770177121203665,-8.583176991759835
-2.2893708471393888,-8.583397380352032
-2.301751163973869,-8.583470397657468
-2.3141569493416827,-8.5833952263609
-2.469205678331542,-8.51005608842337
-2.4850977167490798,-8.518629945481877
-2.499626473038899,-8.522775060744369
-2.5143712975761034,-8.526857002485622
-2.5667115996123706,-8.494227789066752
-2.564841205588875,-8.462852468609979
-2.563015379205904,-8.433139168943603
-2.5612289663139336,-8.404950736570617
-2.5594772779352297,-8.378164434938624
-2.557756200549605,-8.352670577651347
-2.5560620001298973,-8.328370785411561
-2.554391386932097,-8.305176377724258
-2.5527413072634633,-8.283007345610823
-2.5592690878850712,-8.274958005733787
-2.5721415019034723,-8.27702651648083
-2.585230111793951,-8.279037294623295
-2.5992068792638254,-8.281980430886227
-2.612764929548754,-8.283874222153155
-2.6265579608578307,-8.285706609650981
-2.6405928404219985,-8.287476564511767
-2.6548765719831993,-8.289182767362075
-2.6694166387985443,-8.2908238673389
-2.6842208776338636,-8.292398594090058
-2.699297489268262,-8.293905579269046
-2.714655038494117,-8.295343356535064
-2.7303026886223845,-8.296710435060776
-2.7462498409708496,-8.298005338024922
-2.762506509381946,-8.299226326112882
-2.7790833517123237,-8.30037187703185
-2.795991284834565,-8.301440125484856
-2.813242226645705,-8.302429444205844
-2.8308483050615587,-8.303337680917956
-2.848822523015945,-8.304163033375632
-2.8579560733424167,-8.215199121726855
-2.8798969311787403,-8.218443085072547
-2.9026168310664686,-8.221723996520756
-1.6801510106803137,-6.7787958362742256
-1.6635433979681031,-6.781182667762388
-1.647233319294353,-6.783634217389116
-1.6312117134907034,-6.786149725198222
-1.615470353264411,-6.788728072233476
-1.6000013687540229,-6.7913680197412365
-1.5847972479215646,-6.794068447588709
-1.569850806750259,-6.796828354312969
-1.5551551592461494,-6.799646737960855
-1.5407037172420057,-6.802522476879844
-1.526490250688218,-6.80545474685195
-1.512508737562868,-6.808442365688641
-1.4987534841593764,-6.811484448684943
-1.5048435401724285,-6.77543252622306
-1.4936142362184448,-6.773051788550576
-1.4823954396579517,-6.770808184067053
-1.4711886393304416,-6.768700935461984
-1.4599951756522778,-6.766729623297361
-1.4488163887456837,-6.764893649321485
-1.4376537973504806,-6.763192295779389
-1.4265086226739037,-6.761625143429157
-1.4153822641485996,-6.7601914151073546
-1.4042760621909314,-6.758890691375971
-1.3931913863332166,-6.75772213551603
-1.3817886077344874,-6.757681526303047
-1.3707642975357608,-6.756776264425742
-1.3597654140062458,-6.756001018233491
-1.3487932378596952,-6.755355308781767
-1.346209680707493,-6.725829827930674
-1.3494193685479152,-6.672675312497752
-0.3237125979974187,-8.208785779104389
-0.3460403652977292,-8.2061865841113
-0.3676424547754243,-8.203593291601166
-0.38855784526622533,-8.20100428773257
-0.3756567111183668,-8.276995129571661
-0.39263135212985323,-8.277532617422976
-0.40931374017369015,-8.27795471443198
-0.4257125823205446,-8.27826432690745
-0.44183652515409677,-8.278463824815136
-0.4576936197026202,-8.278555877124077
-0.47329149927220443,-8.27854285546682
-0.48863743973764856,-8.278427251273326
-0.5037386564867642,-8.278211019630518
-0.5186016504369692,-8.277896593638406
-0.5332328621167417,-8.277485929658525
-0.547638434227833,-8.27698110375178
-0.5618241515504683,-8.276384013753662
-0.5757956796557449,-8.275696557695754
-0.5895582070821528,-8.274920515184897
-0.6031170119711222,-8.274057784889976
-0.6164768950392883,-8.273109908636876
-0.6296426571993802,-8.272078547460609
-0.642618622723708,-8.270965482389691
-0.655409204605099,-8.269772077073617
-0.6680184884034656,-8.268499934119397
-0.68045047007578,-8.267150537071986
-0.6927089963715104,-8.265725250512327
-0.7047976459176332,-8.264225499067138
-0.7167199078362311,-8.262652647905643
-0.7284792709552466,-8.261007883383376
-0.7400788074589547,-8.259292750169584
-0.7515218268713701,-8.257508136891115
-0.7628111629585118,-8.255655588609407
-0.773949738108868,-8.253736173402313
-0.7849402961913767,-8.251751138455512
-0.795785610288975,-8.249701373278283
-0.8064880967396386,-8.24758830440926
-0.8170503202064247,-8.245412940910015
-0.8274746069341337,-8.243176292234299
-0.8377633426740829,-8.240879308133263
-0.8479186454472867,-8.23852323682208
-0.8579426178833829,-8.236109028517625
-0.8601042646000305,-8.255362925015348
-0.8685547448137555,-8.257558392686123
-0.8770227991354258,-8.259648569503142
-0.8855071607719597,-8.261633338340772
-0.8940064885226171,-8.263512641800508
-0.9025195304954574,-8.265286362732208
-0.9110449754881162,-8.266954562897473
-0.9195815269052301,-8.268517125219695
-0.9281279180517638,-8.26997399217781
-0.9366828378234006,-8.27132528513798
-0.9452450342301525,-8.272570827345499
-0.9538131665615148,-8.273710859424682
-0.9623859829255464,-8.27474526422539
-0.9709622168233067,-8.275674103435684
-0.9795405720516197,-8.276497498397214
-0.9881197598578799,-8.277215570439376
-0.9966985137431468,-8.277828381250234
-1.0052755672084792,-8.278335992517851
-1.013849631697366,-8.27873864478075
-1.0224194557100543,-8.279036459307045
-1.0309837801981738,-8.279229497772546
-1.0395413315063544,-8.279318000691262
-1.0480908508803668,-8.279302208552695
-1.0566310979963134,-8.279182242606572
-1.0651608031202038,-8.278958462569912
-1.0736787371039966,-8.278630989674056
-1.0821836522712713,-8.27820000478556
-1.0906743079550916,-8.277665986783074
-1.099149474076095,-8.277029056899472
-1.1076079209471068,-8.276289574785894
-1.1160484242727868,-8.275447780875158
-1.1244697646104944,-8.274504034801545
-1.13287073388954,-8.273458815390086
-1.1412501140396907,-8.272312184249179
-1.1496067121855387,-8.271064798993038
-1.1579393216288008,-8.269716840420802
-1.1662467586111884,-8.268268846922238
-1.174527838982224,-8.266721118468846
-1.1827813751602867,-8.265074133851956
-1.1910061905435168,-8.263328252635377
-1.1992011386264778,-8.261484013147594
-1.2046505993224996,-8.242846843782967
-1.2134206643452583,-8.245653270628162
-1.2222855672739015,-8.248395883622226
-1.231245864940278,-8.251073489754686
-1.2403022414242164,-8.253685253434103
-1.2494552909084653,-8.256230041193287
-1.2587057121779013,-8.258706898207162
-1.26805412902146,-8.261114571750387
-1.2775012850254883,-8.263452166528909
-1.2870478934838152,-8.265718489274885
-1.2966947277850693,-8.267912644645241
-1.3064425457304092,-8.270033320089466
-1.3162921054151344,-8.272079381870741
-1.3262442842417193,-8.27404975566072
-1.3362998999100277,-8.275943307624537
-1.3464599191313336,-8.27775890368221
-1.35672512941103,-8.279495171629641
-1.367096542261862,-8.281151036917878
-1.3775751690004785,-8.282725305788835
-1.3881619909451537,-8.284216665324328
-1.3988579894141617,-8.285623802606171
-1.4096643844381742,-8.28694558313768
-1.4205821269449004,-8.288180336422307
-1.4316125565663287,-8.289327166185535
-1.4427567734376727,-8.290384520894824
-1.4540160866042624,-8.291351027488163
-1.4653917455068635,-8.292225313001595
-1.4768849391973005,-8.293005527732687
-1.4884973650329936,-8.293690834423202
-1.5002302718664262,-8.294279502481794
-1.5120851768686674,-8.29476986048047
-1.5240637469085252,-8.295160653978062
-1.5361674690606462,-8.295450032781911
-1.5483981888114364,-8.295636622947583
-1.5607574229397778,-8.295718514628827
-1.572560533686115,-8.294670261840244
-1.585162927527131,-8.294536103637379
-1.5978994606312944,-8.294292528924075
-1.600216820410067,-8.228319577781312
-1.6156771974901705,-8.231607334375141
-1.6307449460575534,-8.233945577898567
-1.646977736429186,-8.237230692996174
-1.6636349181607424,-8.240519282318537
-0.42578639937077295,-6.644073915992532
-0.4286378025833671,-6.710798203536404
-0.4283532565634521,-6.757498344104383
-0.41694604077696057,-6.755588883406757
-0.40544933264357985,-6.753786425974589
-0.3938632561180887,-6.75209228029641
-0.3818930550651696,-6.749497847549696
-0.3701147837922245,-6.748023244279352
-0.358247431330934,-6.746661059338002
-0.3462911247796134,-6.74541272038201
-0.3342459763405987,-6.744279655460685
-0.3221120770331733,-6.743263054680611
-0.3098896198266433,-6.742364582462057
-0.2975785734289205,-6.7415853128873025
-0.285179130809311,-6.74092691037662
-0.2726913845588665,-6.740390624620507
-0.260115377115331,-6.739978064384736
-0.2474512010697563,-6.739690479359806
-0.2346989286518451,-6.739529477525604
-0.22185865559618576,-6.739496427740464
-0.20893042434052234,-6.739592938770161
-0.19591427417906213,-6.73982050021263
-0.18281002171638683,-6.740180070911738
-0.22919912454417413,-6.851653523780894
-0.22488042216782306,-6.865298890328408
-0.2328244986409325,-6.900009949986181
-0.23105394021428255,-6.916465798547347
-0.2202618080405336,-6.917298799939214
-0.20940005443614645,-6.9182456143419095
-0.12961783770625104,-6.811018953028712
-0.12067668182349006,-6.818230445147201
-0.17134714388916472,-6.914254119687074
-0.1665567265814888,-6.925084673026528
-0.173945531759008,-6.9528776181255285
-0.16382183577236803,-6.955408349329104
-0.14945426750081808,-6.952398782480826
-0.1347563364136724,-6.949401328942822
-0.12339759719879267,-6.951116349166565
-0.12402495388887154,-6.967973066910604
-0.12470672426288298,-6.984373407628444
-0.12544137614615547,-7.000338399870928
-0.12723269264189,-7.017048680577254
-0.12807501809325755,-7.032179237326486
-0.12797545943766164,-7.045841262852711
-0.1132518189959664,-7.043457078650208
-0.09813630913158923,-7.04108150246242
-0.08261072217079368,-7.038713702832494
-0.06665590495600526,-7.036353171371456
-0.05025114571718463,-7.033999083052801
-0.03337448770909856,-7.031650884192832
-0.01600241243051273,-7.029307585302485
0.00189020109850614,-7.026968477666111
0.020330631453067287,-7.024632432480382
0.039347761258747206,-7.022298542131461
0.05897286750020003,-7.019965544788825
0.07923942862349045,-7.01763235594521
0.10018403558430698,-7.015297436570051
0.12184547765621223,-7.0129595441238735
0.1441951292586662,-7.010670870827298
0.14173449977046698,-7.0272982058894105
0.13921884580377983,-7.043606465061598
0.13664927530340126,-7.059605635008748
0.13402660458161372,-7.075305456201242
0.13135184756367166,-7.090714958817757
0.12862572654231494,-7.105842926842454
0.12584921786363676,-7.1206975547073945
0.12302318420708416,-7.135286825157395
0.12014826170469657,-7.149618267770813
0.11722551457831384,-7.163699006040964
0.11425541356825354,-7.177536058367605
0.14853558074253437,-7.1706968190845775
0.1507127657403911,-7.181868720022232
0.15275633816467887,-7.193017718136265
0.15466704288600525,-7.204142700193465
0.1564457470863492,-7.215242436936322
0.15809307568259917,-7.226315841780043
0.15960995465476754,-7.2373617168308435
0.16099712965934596,-7.248378919063556
0.16225534478105785,-7.2593663650369225
0.16338546563011389,-7.270322885077351
0.16438829666103913,-7.281247367523397
0.16526464154247436,-7.292138730505575
0.16601530394306063,-7.302995892154399
0.16664114790124004,-7.313817742380194
0.16714297787153795,-7.324603169521514
0.16752171433277757,-7.335351184228286
0.16777810215556627,-7.346060673267299
0.16791306260461195,-7.356730617496521
0.1679273389787534,-7.367359963266655
0.16782191212661585,-7.37794769300744
0.16759764412193137,-7.388492771109096
0.16725539703843206,-7.398994161961843
0.1667959706153381,-7.409450932655989
0.16622034609421646,-7.4198620507252935
0.16552938476291512,-7.430226510351934
0.1647240051355472,-7.440543396665734
0.16380506889290253,-7.4508116889528955
0.1627734941561522,-7.461030487239221
0.16163014064137576,-7.4711988452908065
0.16037604799523167,-7.481315776901117
0.15901207396908923,-7.491380410316147
0.15753913727353228,-7.501391823217729
0.15595815642267405,-7.511349100735687
0.15427010872866076,-7.521251359363575
0.1524758521393328,-7.531097719899393
0.15057654271858886,-7.540887303552001
0.1485729182640793,-7.550619265215812
0.14646595589147923,-7.560292728832368
0.14425669082684883,-7.569906875774901
0.14194615888566106,-7.579460865072673
0.13953521639487027,-7.588953878969602
0.12766977002079663,-7.598367994350644
0.1306677936367403,-7.607700896362897
0.13357530986264554,-7.617108240038909
0.1363912586393496,-7.626589525070504
0.13911458015327827,-7.63614424183952
0.1417441552279702,-7.645771870777037
0.1442789243691166,-7.655471890161911
0.1467178284753512,-7.665243763377013
0.14905962974267262,-7.675086947227918
0.15130344816529115,-7.685000896778822
0.15344810562135858,-7.694985066683073
0.15549254404098153,-7.705038881221597
0.15743570486308867,-7.715161783295298
0.15927635175721172,-7.725353173849826
0.16101354572305643,-7.73561248403364
0.1626461100140719,-7.74593911636416
0.16417304702840183,-7.756332463178128
0.1655931794300821,-7.766791949336931
0.1669055107960826,-7.777316922489375
0.16810886398691013,-7.787906800048855
0.16920218260267522,-7.7985609429883915
0.17018429186153705,-7.8092786793455025
0.1710543125435903,-7.820059434392427
0.1718109506991592,-7.83090253302315
0.17245321029815577,-7.841807307990497
0.17297991537991314,-7.852773132019928
0.17339001111631,-7.8637993065005425
0.17368232311844775,-7.874885144573881
0.1738559133683875,-7.886030040148455
0.17390960826311494,-7.897233276573847
0.15542320832309464,-7.901350401149233
0.12409725630313348,-7.899889101021586
0.09479525536443272,-7.89848327772834
0.06731764024938335,-7.897126116663844
0.0414905200817403,-7.895811718990253
0.01716144869436512,-7.894534960250022
-0.005803788972897489,-7.893291256530622
-0.02752368096952258,-7.892076558034187
-0.04810331603650777,-7.89088743673835
-0.06763633887327222,-7.889720617440459
-0.0862061536042687,-7.888573393201602
0.007219069267608184,-7.94886070807595
-0.01157260616336059,-7.948438847196997
-0.029616725110104526,-7.947984086765247
-0.046961672214554016,-7.947497505641351
-0.06365159380165661,-7.946979996361923
-0.07972694199347535,-7.946432548913212
-0.09522488472365423,-7.945855971601092
-0.11017960680054198,-7.94525100236006
-0.12462243379033236,-7.944618484361451
-0.138582390205438,-7.943959053162046
-0.1520863226017471,-7.943273282520339
-0.15201267287186887,-7.952349164612906
-0.15003606947848575,-7.963047595916434
-0.14807870001455994,-7.973982411478653
-0.14614056190966604,-7.98516255517426
-0.1432105104377775,-7.997430464686726
-0.1413020382884397,-8.009158826501688
-0.1394129570369036,-8.021163428000706
-0.13754329404798035,-8.033455478033227
-0.13569309711946898,-8.04604696003962
-0.13386245955881015,-8.058950452513551
-0.1320513194982168,-8.072179432422748
-0.13025981504052603,-8.085748176402527
-0.12848798712549636,-8.099671798406575
-0.12673567057846627,-8.113966640145971
-0.12500301936323377,-8.128649839855834
-0.12328998290094534,-8.143739823112579
-0.12159648560773252,-8.159256327910581
-0.11992254606254679,-8.175220401518628
-0.11826809982717557,-8.191654464779145
-0.1166330120203885,-8.208582788779538
-0.11501730779476577,-8.22603119064553
-0.11342082583557182,-8.244027460059197
-0.12746066884825796,-8.242514322046219
-0.1418482871805835,-8.240143779398394
-0.15593865120042935,-8.23773850552192
-0.16974197019067372,-8.235299006235346
-0.18326779643933436,-8.232825745062751
-0.19652534980757783,-8.230319015421196
-0.20952332018838646,-8.227779363209317
-0.22226991608809787,-8.225207168148149
-0.20874829424525548,-8.263867199594786
-0.2190470124356187,-8.265583319886655
-0.22930366786052864,-8.267182014501138
-0.23951769140087137,-8.268664312082517
-0.2496883947696982,-8.270031244418611
-0.25981532487219366,-8.271283717842325
-0.2698977949931772,-8.272422823725398
-0.2799352940256842,-8.273449529556418
-0.2899271634747246,-8.274364866337324
-0.299872862441375,-8.27516980234259
-0.30977182023475336,-8.275865306632584
-0.31962346616397747,-8.276452348267663
-0.3294272326817019,-8.276932015476028
-0.33918257417369824,-8.277305097780404
-0.3488888948724305,-8.277572743778792
-0.3585456507354389,-8.277735802577835
-0.3681522726436094,-8.277795302821811
-0.3777082792819363,-8.277752211213434
-0.38721304194738815,-8.277607557968748
-0.39666610440161293,-8.277362130252833
-0.40606689752549685,-8.277016956709964
-0.4154148655241371,-8.276573006007563
-0.4247095153300851,-8.276031364409118
-0.4339503295493029,-8.275392761067554
-0.4431367837506149,-8.274658223448325
-0.4522683801512675,-8.273828659063165
-0.46134459589185334,-8.272905154961444
-0.4703649449420615,-8.271888499094125
-0.4793289044424846,-8.270779778510573
-0.4882360314789818,-8.269579720399006
-0.4970858047639139,-8.268289471392714
-0.5058777696306972,-8.266909878240686
-0.514611414972367,-8.265441908431516
-0.5232863116098452,-8.26388652729262
-0.5319019884088003,-8.262244522382012
-0.5404579820937426,-8.260516979177295
-0.5489538379980883,-8.25870474442746
-0.5573891194947695,-8.25680878365639
-0.5657633809369607,-8.254830003000526
-0.5740761856975937,-8.25276936798375
-0.5823271120455805,-8.250627843737005
-0.5905157409825171,-8.248406216443009
-0.5969832062645485,-8.2811725509869
-0.6053960520082383,-8.281108098571456
-0.6138024263777403,-8.28094072458408
-0.6222010812543243,-8.280670581199736
-0.6305907663670326,-8.280297880275551
-0.6389702354591321,-8.279822773937376
-0.6473382491414211,-8.27924553338066
-0.6556935617376247,-8.278566191465183
-0.6640349425880698,-8.27778513840688
-0.6723611563177786,-8.276902585669934
-0.6806709697039998,-8.275918685036364
-0.6889631669830399,-8.274833826329168
-0.697236516794145,-8.273648161281251
-0.705489813965148,-8.27236219868697
-0.7137218333017451,-8.270975970865809
-0.7219313659077746,-8.269489986710358
-0.7301172295354964,-8.26790463515949
-0.7382781984101489,-8.266220067798757
-0.7464131024472865,-8.264436852122317
-0.7510422313377536,-8.244060296797672
-0.7598447466893554,-8.24685569251727
-0.7687465514314786,-8.249590274704971
-0.7777484875261704,-8.252263186395288
-0.7868513788959627,-8.254873451847843
-0.79605608198803,-8.257419915588152
-0.8053635281402962,-8.259901718293076
-0.8147745961439051,-8.262317703898715
-0.8242902588811822,-8.264666892735272
-0.8339115009868955,-8.266948185572172
-0.8436393188482553,-8.269160363618061
-0.8534748092307268,-8.271302622811355
-0.8634189787021953,-8.273373565216009
-0.8734730251564449,-8.27537226485201
-0.8836380774727323,-8.277297439807604
-0.8939153437255158,-8.279147984958092
-0.9043060421699288,-8.280922616034067
-0.9148114718280741,-8.28262028513709
-0.9254329505116355,-8.28423952649541
-0.9361719442420258,-8.28577940705606
-0.9470297527914127,-8.287238342272396
-0.9580079284135485,-8.288615277565961
-0.9691080123598075,-8.28990874127088
-0.9803315505968692,-8.29111744047302
-0.9916802051157106,-8.292239959946885
-1.0031556692710368,-8.293274943265008
-1.0147597524418508,-8.294220911688553
-1.026494264007155,-8.295076386478685
-1.038361167021052,-8.295840063718899
-1.050362291223893,-8.296510106380964
-1.0624998975893671,-8.297085202689537
-1.0747759977531157,-8.297563630068924
-1.0871927852460683,-8.297943780395954
-1.099752600987181,-8.298223982034127
-1.1124578736995168,-8.298402501405366
-1.125311030534371,-8.298477545347684
-1.1383146476028327,-8.298447316769664
-1.1514715111314697,-8.298310072662623
-1.1647842489564473,-8.298063716443798
-1.1782560048078385,-8.29770649567389
-1.1918895821300244,-8.297236189886991
-1.1501499517852063,-8.229229042901784
-1.1660658175631047,-8.23249535737057
-1.1824010626752894,-8.235767482985109
-1.1991745565056622,-8.239046472248472
-1.216406311534936,-8.242333764887556
-1.2341181999194113,-8.245631228575782
-1.2523329718564682,-8.248940111570871
-1.2710752435061483,-8.252262328412737
-1.2903711770668125,-8.255599633607481
-1.3102492146433673,-8.258954317773188
-1.3307393396637335,-8.262328332742374
-1.3518740537980496,-8.265724160172466
-4.1870539854415565,-8.262626460968036
-4.205148195122593,-8.26091670837281
-4.222852415171679,-8.259145963788189
-4.240180660605405,-8.25731572741805
-4.257146796083793,-8.255426836710143
-4.273763226224995,-8.253480781976345
-4.290042505608143,-8.251478344082743
-4.30599597982649,-8.249420669301475
-4.321634388694405,-8.247309116382262
-4.336968202571423,-8.245144376174913
-4.352007305525188,-8.242927591489304
-4.366761061112521,-8.24065952469347
-4.381238375984184,-8.238341157062775
-4.395447682969784,-8.235973389748306
-4.409397152071621,-8.233556993229355
-4.423094350085004,-8.231092890913683
-4.436546700076199,-8.228581880681045
-4.4503156463580105,-8.225112679244571
-4.463282051998675,-8.222512847688568
-4.4760238839200515,-8.21986841569644
-4.466435761758225,-8.256757214312959
-4.476774914974754,-8.258824903441452
-4.4870928643568995,-8.26076883641586
-4.497388531788351,-8.262589801915887
-4.508146436770422,-8.263309357890414
-4.518381035991695,-8.26488319834813
-4.528590181034369,-8.266336380393325
-4.53877282870049,-8.267669574893379
-4.541465854066006,-8.285990720944481
-4.538908211844681,-8.317756707997681
-4.536202782558424,-8.351854634480002
-4.533332212165941,-8.388559917992087
-4.530274084154767,-8.428198886289222
-4.527002258407126,-8.471154383505752
-4.860516484387575,-8.531204881962784
-4.87270248080339,-8.535187960556293
-4.8849858652078195,-8.539052583890836
-5.330990100555023,-8.421979506807093
-5.418570179881832,-8.355409767267409
-5.4176033696934915,-8.332846997933148
-5.4165921282819225,-8.311028420225167
-5.415537448399363,-8.289913090455622
-5.414440479089558,-8.269463352998368
-5.430031217304479,-8.2713633221762
-5.446841258727225,-8.274370506248918
-5.464836946040565,-8.278342832460913
-5.482445847177747,-8.281295923425937
-5.500468200706628,-8.284222603292635
-5.518919066622492,-8.287120897444542
-4.533644434386949,-6.6261182073801095
-4.534538927616034,-6.662208848667959
-4.53542100679787,-6.6959796034770545
-4.533254706281945,-6.720188151421523
-4.528628695080188,-6.737190363908693
-4.5164544324366345,-6.7360155208920975
-4.50416805133354,-6.7349467438723085
-4.491768715906751,-6.733985428593857
-4.479255614922889,-6.73313309118549
-4.466627842681093,-6.7323913630163705
-4.453884558173422,-6.731761758929297
-4.441024771519103,-6.731245787337331
-4.42804762370694,-6.730845379927189
-4.414952070450816,-6.730561923441779
-4.401736995056019,-6.730397099797768
-4.388401416841192,-6.730352895087217
-4.374944199624631,-6.730430751744324
-4.36136415430302,-6.730632646859521
-4.347660072286056,-6.730960318040766
-4.333830680290514,-6.731415619422392
-4.319874759438515,-6.73200052680888
-4.305790800822202,-6.7327168244978575
-4.341203846427008,-6.803151092276273
-4.324631803949777,-6.799316140275332
-4.307666644616331,-6.795484315268076
-4.290292665459256,-6.791654521430656
-4.272493019218174,-6.787825911818904
-4.254250151758809,-6.783997429978532
-4.235545022790503,-6.780167895608779
-5.400358338705035,-8.272433371683153
-5.413550995961558,-8.271146420106394
-5.426562848806247,-8.269776075943582
-5.4393975961530385,-8.268324084979474
-5.451488708928205,-8.267788457963865
-5.463995438733619,-8.266178348747891
-5.476335633271438,-8.26449014951811
-5.488512244469338,-8.262725580063925
-5.500528338002272,-8.260885893282946
-5.512386840667917,-8.258972506080044
-5.524090647317246,-8.256986591689127
-5.535642403483515,-8.254929534635677
-5.547044788783543,-8.25280242337736
-5.558300271109896,-8.250606621989526
-5.5694113228319235,-8.248343195071342
-5.580380320681913,-8.246013256210476
-5.591209464921431,-8.243618018675757
-5.601900969445469,-8.241158577308887
-5.6124569297218905,-8.238636013318146
-5.6228793888217075,-8.236051341881533
-5.625872947619619,-8.25518971310097
-5.6347260319959,-8.257475691613278
-5.643599330181613,-8.259651620322874
-5.652491523505008,-8.261717227426583
-5.661401222202288,-8.263672532928606
-5.6703270421564085,-8.265517377488269
-5.679267687485685,-8.267251551924318
-5.6882217752430355,-8.268875017027387
-5.697187930468057,-8.270387794505854
-5.706164806637162,-8.271789789345144
-5.715151057226762,-8.273080906530687
-5.724145318378998,-8.274261169048991
-5.733146223120143,-8.275330659526173
-5.7421524323283055,-8.276289283799752
-5.751162617984137,-8.277136948985374
-5.760175373479074,-8.27787403313791
-5.769316376605831,-8.277504932854193
-5.778317998429426,-8.278019761517445
-5.787318187338887,-8.27842408833221
-5.796315580550841,-8.27871823640024
-5.79728628159551,-8.381810961863527
-6.039508124936949,-8.525092043553585
-6.05270115539306,-8.529209842613149
-6.741908978950803,-8.024852694338696
-6.743951413996812,-8.012071067974233
-6.773633532447722,-7.958472754322689
-6.770174293529786,-7.94361223155397
-6.766642309870738,-7.928963018160375
-6.761508714254411,-7.913901702324266
-6.805805270075922,-7.8789287819717275
-6.808040846492413,-7.866743844007208
-6.810126132315049,-7.85455573407004
-6.812061346058269,-7.842366202267167
-6.813846706236512,-7.83017699870553
-6.815482493986139,-7.817989850702003
-6.816969103758103,-7.80580654361706
-6.818306816688762,-7.793628804767575
-6.819495915618654,-7.78145834666703
-6.820536742601883,-7.769296888645622
-6.82142981648115,-7.757146177885381
-6.822175364291787,-7.7450078904762965
-6.82178680507062,-7.732695694972464
-6.822236690495619,-7.72059954227418
-6.822540560373914,-7.708520932930153
-6.822699708011026,-7.696461662030361